Episode Alpha Epsilon Gamma TotalReward
1	0.3	0.7	0.8991	-10
2	0.3	0.7	0.7684040569504089	915
3	0.3	0.7	0.7676356528934585	-10
4	0.3	0.7	0.766868017240565	-10
5	0.3	0.7	0.7661011492233244	-10
6	0.3	0.7	0.7456830922352643	185
7	0.3	0.7	0.7404789438617293	40
8	0.3	0.7	0.6959418984374823	490
9	0.3	0.7	0.6952459565390449	-10
10	0.3	0.7	0.6315755972501746	905
11	0.3	0.7	0.6309440216529245	-10
12	0.3	0.7	0.6303130776312715	-10
13	0.3	0.7	0.6080144405322702	380
14	0.3	0.7	0.5929950930770963	130
15	0.3	0.7	0.5924020979840192	-10
16	0.3	0.7	0.5918096958860352	-10
17	0.3	0.7	0.5668890520640127	180
18	0.3	0.7	0.5584449824711046	245
19	0.3	0.7	0.5578865374886335	-10
20	0.3	0.7	0.5479294829210226	25
21	0.3	0.7	0.5301341495401879	90
22	0.3	0.7	0.5037623201553315	570
23	0.3	0.7	0.4913182385400758	90
24	0.3	0.7	0.48303231483523695	90
25	0.3	0.7	0.4825492825204017	-10
26	0.3	0.7	0.4820667332378813	-10
27	0.3	0.7	0.48158466650464343	-10
28	0.3	0.7	0.48110308183813877	-10
29	0.3	0.7	0.48062197875630064	-10
30	0.3	0.7	0.472989433457979	345
31	0.3	0.7	0.47251644402452103	-10
32	0.3	0.7	0.4585445898224297	310
33	0.3	0.7	0.4454313011357712	315
34	0.3	0.7	0.4352982903993521	60
35	0.3	0.7	0.4266745371287781	15
36	0.3	0.7	0.4262478625916493	-10
37	0.3	0.7	0.40261972060294104	475
38	0.3	0.7	0.4022171008823381	-10
39	0.3	0.7	0.40181488378145575	-10
40	0.3	0.7	0.4014130688976743	-10
41	0.3	0.7	0.3750116047301711	640
42	0.3	0.7	0.3521035999810354	755
43	0.3	0.7	0.34824976809818065	120
44	0.3	0.7	0.3399871894280355	135
45	0.3	0.7	0.33358524250455474	60
46	0.3	0.7	0.3332516572620502	-10
47	0.3	0.7	0.33291840560478814	-10
48	0.3	0.7	0.3208195833227805	605
49	0.3	0.7	0.318261991661074	160
50	0.3	0.7	0.31040019247362594	295
51	0.3	0.7	0.3100897922811523	-10
52	0.3	0.7	0.29882060071615374	480
53	0.3	0.7	0.29852178011543756	-10
54	0.3	0.7	0.29822325833532215	-10
55	0.3	0.7	0.2979250350769868	-10
56	0.3	0.7	0.2958458058402294	-40
57	0.3	0.7	0.29173077913447454	-15
58	0.3	0.7	0.2725432630602533	870
59	0.3	0.7	0.2584677291676594	580
60	0.3	0.7	0.2520829850373711	670
61	0.3	0.7	0.2493238952555157	165
62	0.3	0.7	0.2490745713602602	-10
63	0.3	0.7	0.24882549678889995	-10
64	0.3	0.7	0.24857667129211106	-10
65	0.3	0.7	0.24832809462081895	-10
66	0.3	0.7	0.24807976652619812	-10
67	0.3	0.7	0.24292185971375163	440
68	0.3	0.7	0.23409366529850978	255
69	0.3	0.7	0.2319952300483724	50
70	0.3	0.7	0.231763234818324	-10
71	0.3	0.7	0.2224485407452574	705
72	0.3	0.7	0.21350820943832502	640
73	0.3	0.7	0.2132947012288867	-10
74	0.3	0.7	0.21053844624955406	110
75	0.3	0.7	0.19966515955516043	790
76	0.3	0.7	0.19434370218564678	615
77	0.3	0.7	0.1813799004655124	1220
78	0.3	0.7	0.1797539958246589	30
79	0.3	0.7	0.17391605064750906	190
80	0.3	0.7	0.17374213459686155	-10
81	0.3	0.7	0.1735683924622647	-10
82	0.3	0.7	0.16692626727031637	550
83	0.3	0.7	0.16411110958546163	110
84	0.3	0.7	0.16394699847587615	-10
85	0.3	0.7	0.16134342862742884	260
86	0.3	0.7	0.15894014506651333	100
87	0.3	0.7	0.1579888851218705	-35
88	0.3	0.7	0.15316398929902778	285
89	0.3	0.7	0.15301082530972876	-10
90	0.3	0.7	0.15285781448441904	-10
91	0.3	0.7	0.15179101445245557	-40
92	0.3	0.7	0.15163922343800312	-10
93	0.3	0.7	0.15148758421456512	-10
94	0.3	0.7	0.14938048841558035	65
95	0.3	0.7	0.14923110792716476	-10
96	0.3	0.7	0.14759774887694652	60
97	0.3	0.7	0.14366398732217778	345
98	0.3	0.7	0.1435203233348556	-10
99	0.3	0.7	0.14337680301152073	-10
100	0.3	0.7	0.13858157473836843	410
101	0.3	0.7	0.1361081967143226	270
102	0.3	0.7	0.13597208851760825	-10
103	0.3	0.7	0.1292080784597783	735
104	0.3	0.7	0.12907887038131852	-10
105	0.3	0.7	0.12364346001869185	445
106	0.3	0.7	0.12351981655867315	-10
107	0.3	0.7	0.12339629674211448	-10
108	0.3	0.7	0.12327290044537237	-10
109	0.3	0.7	0.11998744250169383	555
110	0.3	0.7	0.11986745505919214	-10
111	0.3	0.7	0.11974758760413294	-10
112	0.3	0.7	0.1196278400165288	-10
113	0.3	0.7	0.11950821217651228	-10
114	0.3	0.7	0.11772808314267702	205
115	0.3	0.7	0.11643952988634264	40
116	0.3	0.7	0.0994140079489601	2265
117	0.3	0.7	0.09931459394101114	-10
118	0.3	0.7	0.09921527934707013	-10
119	0.3	0.7	0.0947525742786583	1050
120	0.3	0.7	0.09085347089140298	580
121	0.3	0.7	0.08834362053379989	655
122	0.3	0.7	0.08598909452842922	285
123	0.3	0.7	0.08513306279174343	190
124	0.3	0.7	0.08261576047106055	575
125	0.3	0.7	0.08122247230387478	255
126	0.3	0.7	0.07710483150521294	1060
127	0.3	0.7	0.07117388143618125	1855
128	0.3	0.7	0.07039487158362635	20
129	0.3	0.7	0.07032447671204273	-10
130	0.3	0.7	0.06990358331348606	110
131	0.3	0.7	0.06983367973017257	-10
132	0.3	0.7	0.06211937095796448	2330
133	0.3	0.7	0.060342904148660566	645
134	0.3	0.7	0.058617240080528876	690
135	0.3	0.7	0.05581286153551117	930
136	0.3	0.7	0.055201980575275325	165
137	0.3	0.7	0.04959774142624023	1900
138	0.3	0.7	0.04954814368481399	-10
139	0.3	0.7	0.04881010160770797	245
140	0.3	0.7	0.04846945420194155	125
141	0.3	0.7	0.04559979718950133	1530
142	0.3	0.7	0.043635945738607025	685
143	0.3	0.7	0.0420080909567605	700
144	0.3	0.7	0.04196608286580374	-10
145	0.3	0.7	0.04052196730058183	715
146	0.3	0.7	0.03889336676374688	870
147	0.3	0.7	0.03885447339698313	-10
148	0.3	0.7	0.03881561892358614	-10
149	0.3	0.7	0.03877680330466256	-10
150	0.3	0.7	0.03666395779916493	920
151	0.3	0.7	0.03662729384136577	-10
152	0.3	0.7	0.03526089936047309	435
153	0.3	0.7	0.03522563846111262	-10
154	0.3	0.7	0.03519041282265151	-10
155	0.3	0.7	0.034389874490384054	540
156	0.3	0.7	0.03435548461589367	-10
157	0.3	0.7	0.03136573779511569	2085
158	0.3	0.7	0.031053488118055684	-55
159	0.3	0.7	0.031022434629937628	-10
160	0.3	0.7	0.03099141219530769	-10
161	0.3	0.7	0.030960420783112383	-10
162	0.3	0.7	0.03092946036232927	-10
163	0.3	0.7	0.03089853090196694	-10
164	0.3	0.7	0.029954906338973915	450
165	0.3	0.7	0.02992495143263494	-10
166	0.3	0.7	0.029895026481202305	-10
167	0.3	0.7	0.02704878519794822	2355
168	0.3	0.7	0.027021736412750273	-10
169	0.3	0.7	0.0265394575157105	395
170	0.3	0.7	0.02651291805819479	-10
171	0.3	0.7	0.02425414567447237	2055
172	0.3	0.7	0.023001537022019736	1155
173	0.3	0.7	0.02241091309734834	705
174	0.3	0.7	0.02238850218425099	-10
175	0.3	0.7	0.02236611368206674	-10
176	0.3	0.7	0.022143456341119375	130
177	0.3	0.7	0.022121312884778255	-10
178	0.3	0.7	0.022099191571893478	-10
179	0.3	0.7	0.0218136195138052	260
180	0.3	0.7	0.021791805894291395	-10
181	0.3	0.7	0.021770014088397103	-10
182	0.3	0.7	0.021748244074308705	-10
183	0.3	0.7	0.02125349844206123	555
184	0.3	0.7	0.02123224494361917	-10
185	0.3	0.7	0.020035225407400076	1270
186	0.3	0.7	0.019345783389280894	715
187	0.3	0.7	0.01847560970079357	1005
188	0.3	0.7	0.014869957394926251	4940
189	0.3	0.7	0.01447364466545517	550
190	0.3	0.7	0.012913488022462833	2455
191	0.3	0.7	0.012708414624559076	280
192	0.3	0.7	0.012003950739685298	1240
193	0.3	0.7	0.011991946788945614	-10
194	0.3	0.7	0.011979954842156668	-10
195	0.3	0.7	0.011567706710408552	345
196	0.3	0.7	0.011556139003698144	-10
197	0.3	0.7	0.011544582864694446	-10
198	0.3	0.7	0.011533038281829751	-10
199	0.3	0.7	0.0113840050709343	320
200	0.3	0.7	0.010667233832858246	1525
201	0.3	0.7	0.010508340545855222	225
202	0.3	0.7	0.01	2175
203	0.3	0.7	0.01	600
204	0.3	0.7	0.01	1960
205	0.3	0.7	0.01	-10
206	0.3	0.7	0.01	-10
207	0.3	0.7	0.01	1730
208	0.3	0.7	0.01	50
209	0.3	0.7	0.01	1305
210	0.3	0.7	0.01	800
211	0.3	0.7	0.01	1885
212	0.3	0.7	0.01	745
213	0.3	0.7	0.01	245
214	0.3	0.7	0.01	-10
215	0.3	0.7	0.01	-10
216	0.3	0.7	0.01	1315
217	0.3	0.7	0.01	-10
218	0.3	0.7	0.01	-10
219	0.3	0.7	0.01	155
220	0.3	0.7	0.01	-10
221	0.3	0.7	0.01	490
222	0.3	0.7	0.01	-10
223	0.3	0.7	0.01	2530
224	0.3	0.7	0.01	3475
225	0.3	0.7	0.01	120
226	0.3	0.7	0.01	985
227	0.3	0.7	0.01	690
228	0.3	0.7	0.01	1890
229	0.3	0.7	0.01	45
230	0.3	0.7	0.01	65
231	0.3	0.7	0.01	345
232	0.3	0.7	0.01	240
233	0.3	0.7	0.01	380
234	0.3	0.7	0.01	930
235	0.3	0.7	0.01	25
236	0.3	0.7	0.01	-10
237	0.3	0.7	0.01	1845
238	0.3	0.7	0.01	2585
239	0.3	0.7	0.01	1330
240	0.3	0.7	0.01	810
241	0.3	0.7	0.01	1725
242	0.3	0.7	0.01	1115
243	0.3	0.7	0.01	250
244	0.3	0.7	0.01	470
245	0.3	0.7	0.01	3860
246	0.3	0.7	0.01	1170
247	0.3	0.7	0.01	2495
248	0.3	0.7	0.01	355
249	0.3	0.7	0.01	160
250	0.3	0.7	0.01	1760
251	0.3	0.7	0.01	755
252	0.3	0.7	0.01	1165
253	0.3	0.7	0.01	625
254	0.3	0.7	0.01	25
255	0.3	0.7	0.01	220
256	0.3	0.7	0.01	-35
257	0.3	0.7	0.01	355
258	0.3	0.7	0.01	335
259	0.3	0.7	0.01	-10
260	0.3	0.7	0.01	-10
261	0.3	0.7	0.01	-10
262	0.3	0.7	0.01	-10
263	0.3	0.7	0.01	-10
264	0.3	0.7	0.01	245
265	0.3	0.7	0.01	-10
266	0.3	0.7	0.01	1070
267	0.3	0.7	0.01	390
268	0.3	0.7	0.01	-10
269	0.3	0.7	0.01	-10
270	0.3	0.7	0.01	-5
271	0.3	0.7	0.01	-10
272	0.3	0.7	0.01	370
273	0.3	0.7	0.01	-10
274	0.3	0.7	0.01	475
275	0.3	0.7	0.01	-10
276	0.3	0.7	0.01	250
277	0.3	0.7	0.01	225
278	0.3	0.7	0.01	450
279	0.3	0.7	0.01	270
280	0.3	0.7	0.01	-10
281	0.3	0.7	0.01	415
282	0.3	0.7	0.01	435
283	0.3	0.7	0.01	845
284	0.3	0.7	0.01	-10
285	0.3	0.7	0.01	665
286	0.3	0.7	0.01	330
287	0.3	0.7	0.01	-10
288	0.3	0.7	0.01	-10
289	0.3	0.7	0.01	-10
290	0.3	0.7	0.01	120
291	0.3	0.7	0.01	-10
292	0.3	0.7	0.01	-10
293	0.3	0.7	0.01	320
294	0.3	0.7	0.01	5
295	0.3	0.7	0.01	-10
296	0.3	0.7	0.01	255
297	0.3	0.7	0.01	-20
298	0.3	0.7	0.01	450
299	0.3	0.7	0.01	45
300	0.3	0.7	0.01	-10
301	0.3	0.7	0.01	510
302	0.3	0.7	0.01	-10
303	0.3	0.7	0.01	-10
304	0.3	0.7	0.01	2770
305	0.3	0.7	0.01	1240
306	0.3	0.7	0.01	-10
307	0.3	0.7	0.01	-10
308	0.3	0.7	0.01	895
309	0.3	0.7	0.01	-10
310	0.3	0.7	0.01	250
311	0.3	0.7	0.01	-10
312	0.3	0.7	0.01	205
313	0.3	0.7	0.01	-10
314	0.3	0.7	0.01	710
315	0.3	0.7	0.01	-10
316	0.3	0.7	0.01	1300
317	0.3	0.7	0.01	840
318	0.3	0.7	0.01	-10
319	0.3	0.7	0.01	-10
320	0.3	0.7	0.01	-10
321	0.3	0.7	0.01	-10
322	0.3	0.7	0.01	260
323	0.3	0.7	0.01	170
324	0.3	0.7	0.01	370
325	0.3	0.7	0.01	130
326	0.3	0.7	0.01	-10
327	0.3	0.7	0.01	630
328	0.3	0.7	0.01	-10
329	0.3	0.7	0.01	-10
330	0.3	0.7	0.01	640
331	0.3	0.7	0.01	-10
332	0.3	0.7	0.01	350
333	0.3	0.7	0.01	65
334	0.3	0.7	0.01	400
335	0.3	0.7	0.01	-10
336	0.3	0.7	0.01	5
337	0.3	0.7	0.01	-10
338	0.3	0.7	0.01	-10
339	0.3	0.7	0.01	85
340	0.3	0.7	0.01	105
341	0.3	0.7	0.01	170
342	0.3	0.7	0.01	-10
343	0.3	0.7	0.01	750
344	0.3	0.7	0.01	-10
345	0.3	0.7	0.01	50
346	0.3	0.7	0.01	945
347	0.3	0.7	0.01	1245
348	0.3	0.7	0.01	-10
349	0.3	0.7	0.01	-10
350	0.3	0.7	0.01	-10
351	0.3	0.7	0.01	830
352	0.3	0.7	0.01	-10
353	0.3	0.7	0.01	105
354	0.3	0.7	0.01	-10
355	0.3	0.7	0.01	-10
356	0.3	0.7	0.01	-10
357	0.3	0.7	0.01	-10
358	0.3	0.7	0.01	-10
359	0.3	0.7	0.01	325
360	0.3	0.7	0.01	635
361	0.3	0.7	0.01	-10
362	0.3	0.7	0.01	130
363	0.3	0.7	0.01	595
364	0.3	0.7	0.01	-10
365	0.3	0.7	0.01	-10
366	0.3	0.7	0.01	775
367	0.3	0.7	0.01	-10
368	0.3	0.7	0.01	190
369	0.3	0.7	0.01	45
370	0.3	0.7	0.01	1875
371	0.3	0.7	0.01	1040
372	0.3	0.7	0.01	205
373	0.3	0.7	0.01	1790
374	0.3	0.7	0.01	1505
375	0.3	0.7	0.01	-10
376	0.3	0.7	0.01	2880
377	0.3	0.7	0.01	1245
378	0.3	0.7	0.01	1305
379	0.3	0.7	0.01	2950
380	0.3	0.7	0.01	825
381	0.3	0.7	0.01	1385
382	0.3	0.7	0.01	160
383	0.3	0.7	0.01	210
384	0.3	0.7	0.01	235
385	0.3	0.7	0.01	1790
386	0.3	0.7	0.01	270
387	0.3	0.7	0.01	2100
388	0.3	0.7	0.01	715
389	0.3	0.7	0.01	1745
390	0.3	0.7	0.01	245
391	0.3	0.7	0.01	2075
392	0.3	0.7	0.01	-10
393	0.3	0.7	0.01	-10
394	0.3	0.7	0.01	-10
395	0.3	0.7	0.01	1890
396	0.3	0.7	0.01	2915
397	0.3	0.7	0.01	870
398	0.3	0.7	0.01	-10
399	0.3	0.7	0.01	1090
400	0.3	0.7	0.01	150
401	0.3	0.7	0.01	525
402	0.3	0.7	0.01	3735
403	0.3	0.7	0.01	200
404	0.3	0.7	0.01	1040
405	0.3	0.7	0.01	-10
406	0.3	0.7	0.01	130
407	0.3	0.7	0.01	2145
408	0.3	0.7	0.01	-10
409	0.3	0.7	0.01	1470
410	0.3	0.7	0.01	720
411	0.3	0.7	0.01	810
412	0.3	0.7	0.01	300
413	0.3	0.7	0.01	55
414	0.3	0.7	0.01	345
415	0.3	0.7	0.01	1440
416	0.3	0.7	0.01	-10
417	0.3	0.7	0.01	2605
418	0.3	0.7	0.01	3765
419	0.3	0.7	0.01	5040
420	0.3	0.7	0.01	1115
421	0.3	0.7	0.01	2740
422	0.3	0.7	0.01	-10
423	0.3	0.7	0.01	715
424	0.3	0.7	0.01	1830
425	0.3	0.7	0.01	605
426	0.3	0.7	0.01	1835
427	0.3	0.7	0.01	-10
428	0.3	0.7	0.01	-10
429	0.3	0.7	0.01	1290
430	0.3	0.7	0.01	-10
431	0.3	0.7	0.01	2055
432	0.3	0.7	0.01	-10
433	0.3	0.7	0.01	-10
434	0.3	0.7	0.01	-10
435	0.3	0.7	0.01	1515
436	0.3	0.7	0.01	-10
437	0.3	0.7	0.01	285
438	0.3	0.7	0.01	2175
439	0.3	0.7	0.01	1360
440	0.3	0.7	0.01	-10
441	0.3	0.7	0.01	-15
442	0.3	0.7	0.01	130
443	0.3	0.7	0.01	-30
444	0.3	0.7	0.01	950
445	0.3	0.7	0.01	2485
446	0.3	0.7	0.01	-10
447	0.3	0.7	0.01	-10
448	0.3	0.7	0.01	145
449	0.3	0.7	0.01	-10
450	0.3	0.7	0.01	-10
451	0.3	0.7	0.01	5
452	0.3	0.7	0.01	150
453	0.3	0.7	0.01	-10
454	0.3	0.7	0.01	140
455	0.3	0.7	0.01	435
456	0.3	0.7	0.01	-10
457	0.3	0.7	0.01	345
458	0.3	0.7	0.01	195
459	0.3	0.7	0.01	270
460	0.3	0.7	0.01	2480
461	0.3	0.7	0.01	-10
462	0.3	0.7	0.01	355
463	0.3	0.7	0.01	535
464	0.3	0.7	0.01	2935
465	0.3	0.7	0.01	830
466	0.3	0.7	0.01	1625
467	0.3	0.7	0.01	895
468	0.3	0.7	0.01	1670
469	0.3	0.7	0.01	750
470	0.3	0.7	0.01	1700
471	0.3	0.7	0.01	180
472	0.3	0.7	0.01	3020
473	0.3	0.7	0.01	105
474	0.3	0.7	0.01	830
475	0.3	0.7	0.01	915
476	0.3	0.7	0.01	175
477	0.3	0.7	0.01	425
478	0.3	0.7	0.01	190
479	0.3	0.7	0.01	1520
480	0.3	0.7	0.01	95
481	0.3	0.7	0.01	185
482	0.3	0.7	0.01	180
483	0.3	0.7	0.01	-35
484	0.3	0.7	0.01	660
485	0.3	0.7	0.01	655
486	0.3	0.7	0.01	720
487	0.3	0.7	0.01	515
488	0.3	0.7	0.01	-10
489	0.3	0.7	0.01	235
490	0.3	0.7	0.01	-10
491	0.3	0.7	0.01	-10
492	0.3	0.7	0.01	-10
493	0.3	0.7	0.01	1560
494	0.3	0.7	0.01	445
495	0.3	0.7	0.01	260
496	0.3	0.7	0.01	265
497	0.3	0.7	0.01	915
498	0.3	0.7	0.01	2470
499	0.3	0.7	0.01	1400
500	0.3	0.7	0.01	1120
501	0.3	0.7	0.01	100
502	0.3	0.7	0.01	-10
503	0.3	0.7	0.01	345
504	0.3	0.7	0.01	760
505	0.3	0.7	0.01	115
506	0.3	0.7	0.01	255
507	0.3	0.7	0.01	445
508	0.3	0.7	0.01	2310
509	0.3	0.7	0.01	2335
510	0.3	0.7	0.01	2470
511	0.3	0.7	0.01	1960
512	0.3	0.7	0.01	140
513	0.3	0.7	0.01	230
514	0.3	0.7	0.01	125
515	0.3	0.7	0.01	485
516	0.3	0.7	0.01	-10
517	0.3	0.7	0.01	295
518	0.3	0.7	0.01	250
519	0.3	0.7	0.01	1255
520	0.3	0.7	0.01	1675
521	0.3	0.7	0.01	435
522	0.3	0.7	0.01	130
523	0.3	0.7	0.01	-10
524	0.3	0.7	0.01	-10
525	0.3	0.7	0.01	-10
526	0.3	0.7	0.01	830
527	0.3	0.7	0.01	-10
528	0.3	0.7	0.01	-10
529	0.3	0.7	0.01	-10
530	0.3	0.7	0.01	120
531	0.3	0.7	0.01	925
532	0.3	0.7	0.01	-10
533	0.3	0.7	0.01	275
534	0.3	0.7	0.01	-10
535	0.3	0.7	0.01	-10
536	0.3	0.7	0.01	-10
537	0.3	0.7	0.01	-10
538	0.3	0.7	0.01	-10
539	0.3	0.7	0.01	-10
540	0.3	0.7	0.01	400
541	0.3	0.7	0.01	190
542	0.3	0.7	0.01	-10
543	0.3	0.7	0.01	555
544	0.3	0.7	0.01	105
545	0.3	0.7	0.01	620
546	0.3	0.7	0.01	130
547	0.3	0.7	0.01	530
548	0.3	0.7	0.01	-10
549	0.3	0.7	0.01	210
550	0.3	0.7	0.01	300
551	0.3	0.7	0.01	-10
552	0.3	0.7	0.01	335
553	0.3	0.7	0.01	-10
554	0.3	0.7	0.01	-10
555	0.3	0.7	0.01	2125
556	0.3	0.7	0.01	605
557	0.3	0.7	0.01	455
558	0.3	0.7	0.01	200
559	0.3	0.7	0.01	815
560	0.3	0.7	0.01	-10
561	0.3	0.7	0.01	-10
562	0.3	0.7	0.01	-10
563	0.3	0.7	0.01	-10
564	0.3	0.7	0.01	-10
565	0.3	0.7	0.01	890
566	0.3	0.7	0.01	1345
567	0.3	0.7	0.01	685
568	0.3	0.7	0.01	1670
569	0.3	0.7	0.01	920
570	0.3	0.7	0.01	-10
571	0.3	0.7	0.01	-10
572	0.3	0.7	0.01	-10
573	0.3	0.7	0.01	-10
574	0.3	0.7	0.01	-10
575	0.3	0.7	0.01	-10
576	0.3	0.7	0.01	-10
577	0.3	0.7	0.01	605
578	0.3	0.7	0.01	145
579	0.3	0.7	0.01	-10
580	0.3	0.7	0.01	-10
581	0.3	0.7	0.01	295
582	0.3	0.7	0.01	-10
583	0.3	0.7	0.01	-10
584	0.3	0.7	0.01	660
585	0.3	0.7	0.01	-10
586	0.3	0.7	0.01	805
587	0.3	0.7	0.01	-10
588	0.3	0.7	0.01	690
589	0.3	0.7	0.01	-10
590	0.3	0.7	0.01	-10
591	0.3	0.7	0.01	-10
592	0.3	0.7	0.01	-10
593	0.3	0.7	0.01	-10
594	0.3	0.7	0.01	-10
595	0.3	0.7	0.01	-10
596	0.3	0.7	0.01	-10
597	0.3	0.7	0.01	-10
598	0.3	0.7	0.01	550
599	0.3	0.7	0.01	-10
600	0.3	0.7	0.01	160
601	0.3	0.7	0.01	325
602	0.3	0.7	0.01	340
603	0.3	0.7	0.01	155
604	0.3	0.7	0.01	-10
605	0.3	0.7	0.01	145
606	0.3	0.7	0.01	-10
607	0.3	0.7	0.01	-10
608	0.3	0.7	0.01	0
609	0.3	0.7	0.01	-10
610	0.3	0.7	0.01	-10
611	0.3	0.7	0.01	-10
612	0.3	0.7	0.01	-55
613	0.3	0.7	0.01	225
614	0.3	0.7	0.01	190
615	0.3	0.7	0.01	85
616	0.3	0.7	0.01	195
617	0.3	0.7	0.01	85
618	0.3	0.7	0.01	190
619	0.3	0.7	0.01	-10
620	0.3	0.7	0.01	170
621	0.3	0.7	0.01	-10
622	0.3	0.7	0.01	950
623	0.3	0.7	0.01	-10
624	0.3	0.7	0.01	110
625	0.3	0.7	0.01	515
626	0.3	0.7	0.01	840
627	0.3	0.7	0.01	170
628	0.3	0.7	0.01	-10
629	0.3	0.7	0.01	-10
630	0.3	0.7	0.01	-10
631	0.3	0.7	0.01	-10
632	0.3	0.7	0.01	1285
633	0.3	0.7	0.01	1515
634	0.3	0.7	0.01	725
635	0.3	0.7	0.01	-10
636	0.3	0.7	0.01	-10
637	0.3	0.7	0.01	535
638	0.3	0.7	0.01	-10
639	0.3	0.7	0.01	145
640	0.3	0.7	0.01	1320
641	0.3	0.7	0.01	-10
642	0.3	0.7	0.01	-10
643	0.3	0.7	0.01	-10
644	0.3	0.7	0.01	-10
645	0.3	0.7	0.01	-10
646	0.3	0.7	0.01	-10
647	0.3	0.7	0.01	-10
648	0.3	0.7	0.01	-10
649	0.3	0.7	0.01	2860
650	0.3	0.7	0.01	-10
651	0.3	0.7	0.01	-10
652	0.3	0.7	0.01	795
653	0.3	0.7	0.01	1105
654	0.3	0.7	0.01	145
655	0.3	0.7	0.01	-10
656	0.3	0.7	0.01	190
657	0.3	0.7	0.01	-10
658	0.3	0.7	0.01	-10
659	0.3	0.7	0.01	5
660	0.3	0.7	0.01	-20
661	0.3	0.7	0.01	190
662	0.3	0.7	0.01	-10
663	0.3	0.7	0.01	-10
664	0.3	0.7	0.01	160
665	0.3	0.7	0.01	-10
666	0.3	0.7	0.01	-10
667	0.3	0.7	0.01	-10
668	0.3	0.7	0.01	200
669	0.3	0.7	0.01	355
670	0.3	0.7	0.01	1030
671	0.3	0.7	0.01	-10
672	0.3	0.7	0.01	-10
673	0.3	0.7	0.01	495
674	0.3	0.7	0.01	-10
675	0.3	0.7	0.01	-10
676	0.3	0.7	0.01	90
677	0.3	0.7	0.01	-10
678	0.3	0.7	0.01	475
679	0.3	0.7	0.01	-10
680	0.3	0.7	0.01	2155
681	0.3	0.7	0.01	-10
682	0.3	0.7	0.01	-10
683	0.3	0.7	0.01	-10
684	0.3	0.7	0.01	-10
685	0.3	0.7	0.01	920
686	0.3	0.7	0.01	85
687	0.3	0.7	0.01	105
688	0.3	0.7	0.01	-10
689	0.3	0.7	0.01	-10
690	0.3	0.7	0.01	-10
691	0.3	0.7	0.01	720
692	0.3	0.7	0.01	335
693	0.3	0.7	0.01	-10
694	0.3	0.7	0.01	-10
695	0.3	0.7	0.01	1290
696	0.3	0.7	0.01	-10
697	0.3	0.7	0.01	630
698	0.3	0.7	0.01	-10
699	0.3	0.7	0.01	575
700	0.3	0.7	0.01	-10
701	0.3	0.7	0.01	2870
702	0.3	0.7	0.01	100
703	0.3	0.7	0.01	610
704	0.3	0.7	0.01	-10
705	0.3	0.7	0.01	-10
706	0.3	0.7	0.01	-10
707	0.3	0.7	0.01	545
708	0.3	0.7	0.01	885
709	0.3	0.7	0.01	1985
710	0.3	0.7	0.01	1295
711	0.3	0.7	0.01	-10
712	0.3	0.7	0.01	-10
713	0.3	0.7	0.01	-10
714	0.3	0.7	0.01	305
715	0.3	0.7	0.01	-10
716	0.3	0.7	0.01	105
717	0.3	0.7	0.01	870
718	0.3	0.7	0.01	-10
719	0.3	0.7	0.01	-10
720	0.3	0.7	0.01	-10
721	0.3	0.7	0.01	-10
722	0.3	0.7	0.01	-10
723	0.3	0.7	0.01	1240
724	0.3	0.7	0.01	-10
725	0.3	0.7	0.01	-10
726	0.3	0.7	0.01	-10
727	0.3	0.7	0.01	-35
728	0.3	0.7	0.01	170
729	0.3	0.7	0.01	-10
730	0.3	0.7	0.01	-10
731	0.3	0.7	0.01	335
732	0.3	0.7	0.01	-10
733	0.3	0.7	0.01	-10
734	0.3	0.7	0.01	-10
735	0.3	0.7	0.01	-10
736	0.3	0.7	0.01	-10
737	0.3	0.7	0.01	170
738	0.3	0.7	0.01	155
739	0.3	0.7	0.01	-10
740	0.3	0.7	0.01	340
741	0.3	0.7	0.01	1270
742	0.3	0.7	0.01	140
743	0.3	0.7	0.01	950
744	0.3	0.7	0.01	-10
745	0.3	0.7	0.01	770
746	0.3	0.7	0.01	-10
747	0.3	0.7	0.01	-10
748	0.3	0.7	0.01	-10
749	0.3	0.7	0.01	-10
750	0.3	0.7	0.01	-10
751	0.3	0.7	0.01	770
752	0.3	0.7	0.01	-10
753	0.3	0.7	0.01	-10
754	0.3	0.7	0.01	-10
755	0.3	0.7	0.01	795
756	0.3	0.7	0.01	715
757	0.3	0.7	0.01	1850
758	0.3	0.7	0.01	-10
759	0.3	0.7	0.01	-10
760	0.3	0.7	0.01	-10
761	0.3	0.7	0.01	965
762	0.3	0.7	0.01	105
763	0.3	0.7	0.01	-10
764	0.3	0.7	0.01	1465
765	0.3	0.7	0.01	125
766	0.3	0.7	0.01	125
767	0.3	0.7	0.01	-10
768	0.3	0.7	0.01	-10
769	0.3	0.7	0.01	1465
770	0.3	0.7	0.01	250
771	0.3	0.7	0.01	685
772	0.3	0.7	0.01	290
773	0.3	0.7	0.01	580
774	0.3	0.7	0.01	-10
775	0.3	0.7	0.01	2095
776	0.3	0.7	0.01	-10
777	0.3	0.7	0.01	-10
778	0.3	0.7	0.01	750
779	0.3	0.7	0.01	2005
780	0.3	0.7	0.01	-10
781	0.3	0.7	0.01	-10
782	0.3	0.7	0.01	595
783	0.3	0.7	0.01	880
784	0.3	0.7	0.01	-10
785	0.3	0.7	0.01	1060
786	0.3	0.7	0.01	285
787	0.3	0.7	0.01	-10
788	0.3	0.7	0.01	-10
789	0.3	0.7	0.01	-55
790	0.3	0.7	0.01	-10
791	0.3	0.7	0.01	640
792	0.3	0.7	0.01	-10
793	0.3	0.7	0.01	-10
794	0.3	0.7	0.01	990
795	0.3	0.7	0.01	715
796	0.3	0.7	0.01	925
797	0.3	0.7	0.01	-10
798	0.3	0.7	0.01	1280
799	0.3	0.7	0.01	-10
800	0.3	0.7	0.01	805
801	0.3	0.7	0.01	270
802	0.3	0.7	0.01	3475
803	0.3	0.7	0.01	680
804	0.3	0.7	0.01	150
805	0.3	0.7	0.01	2070
806	0.3	0.7	0.01	-10
807	0.3	0.7	0.01	4920
808	0.3	0.7	0.01	255
809	0.3	0.7	0.01	1230
810	0.3	0.7	0.01	2190
811	0.3	0.7	0.01	155
812	0.3	0.7	0.01	320
813	0.3	0.7	0.01	930
814	0.3	0.7	0.01	645
815	0.3	0.7	0.01	980
816	0.3	0.7	0.01	780
817	0.3	0.7	0.01	-10
818	0.3	0.7	0.01	225
819	0.3	0.7	0.01	105
820	0.3	0.7	0.01	1015
821	0.3	0.7	0.01	535
822	0.3	0.7	0.01	2560
823	0.3	0.7	0.01	1490
824	0.3	0.7	0.01	-10
825	0.3	0.7	0.01	1020
826	0.3	0.7	0.01	825
827	0.3	0.7	0.01	-10
828	0.3	0.7	0.01	1850
829	0.3	0.7	0.01	-10
830	0.3	0.7	0.01	3080
831	0.3	0.7	0.01	-10
832	0.3	0.7	0.01	1400
833	0.3	0.7	0.01	-10
834	0.3	0.7	0.01	630
835	0.3	0.7	0.01	2785
836	0.3	0.7	0.01	715
837	0.3	0.7	0.01	305
838	0.3	0.7	0.01	-10
839	0.3	0.7	0.01	310
840	0.3	0.7	0.01	1050
841	0.3	0.7	0.01	-10
842	0.3	0.7	0.01	775
843	0.3	0.7	0.01	-10
844	0.3	0.7	0.01	150
845	0.3	0.7	0.01	1715
846	0.3	0.7	0.01	445
847	0.3	0.7	0.01	1045
848	0.3	0.7	0.01	220
849	0.3	0.7	0.01	1440
850	0.3	0.7	0.01	190
851	0.3	0.7	0.01	1115
852	0.3	0.7	0.01	5
853	0.3	0.7	0.01	1520
854	0.3	0.7	0.01	-10
855	0.3	0.7	0.01	520
856	0.3	0.7	0.01	145
857	0.3	0.7	0.01	610
858	0.3	0.7	0.01	870
859	0.3	0.7	0.01	200
860	0.3	0.7	0.01	400
861	0.3	0.7	0.01	400
862	0.3	0.7	0.01	355
863	0.3	0.7	0.01	-10
864	0.3	0.7	0.01	75
865	0.3	0.7	0.01	1450
866	0.3	0.7	0.01	190
867	0.3	0.7	0.01	-10
868	0.3	0.7	0.01	390
869	0.3	0.7	0.01	765
870	0.3	0.7	0.01	-10
871	0.3	0.7	0.01	-25
872	0.3	0.7	0.01	205
873	0.3	0.7	0.01	2165
874	0.3	0.7	0.01	-10
875	0.3	0.7	0.01	560
876	0.3	0.7	0.01	-10
877	0.3	0.7	0.01	360
878	0.3	0.7	0.01	670
879	0.3	0.7	0.01	505
880	0.3	0.7	0.01	-10
881	0.3	0.7	0.01	345
882	0.3	0.7	0.01	600
883	0.3	0.7	0.01	155
884	0.3	0.7	0.01	125
885	0.3	0.7	0.01	280
886	0.3	0.7	0.01	-15
887	0.3	0.7	0.01	-10
888	0.3	0.7	0.01	-10
889	0.3	0.7	0.01	105
890	0.3	0.7	0.01	160
891	0.3	0.7	0.01	-50
892	0.3	0.7	0.01	-10
893	0.3	0.7	0.01	400
894	0.3	0.7	0.01	-20
895	0.3	0.7	0.01	-10
896	0.3	0.7	0.01	-10
897	0.3	0.7	0.01	1630
898	0.3	0.7	0.01	-35
899	0.3	0.7	0.01	-10
900	0.3	0.7	0.01	-10
901	0.3	0.7	0.01	-10
902	0.3	0.7	0.01	880
903	0.3	0.7	0.01	780
904	0.3	0.7	0.01	-10
905	0.3	0.7	0.01	-10
906	0.3	0.7	0.01	2240
907	0.3	0.7	0.01	-10
908	0.3	0.7	0.01	-10
909	0.3	0.7	0.01	-10
910	0.3	0.7	0.01	820
911	0.3	0.7	0.01	-10
912	0.3	0.7	0.01	695
913	0.3	0.7	0.01	1065
914	0.3	0.7	0.01	-10
915	0.3	0.7	0.01	-10
916	0.3	0.7	0.01	1120
917	0.3	0.7	0.01	500
918	0.3	0.7	0.01	180
919	0.3	0.7	0.01	2400
920	0.3	0.7	0.01	1130
921	0.3	0.7	0.01	-10
922	0.3	0.7	0.01	-10
923	0.3	0.7	0.01	-10
924	0.3	0.7	0.01	-10
925	0.3	0.7	0.01	1185
926	0.3	0.7	0.01	-10
927	0.3	0.7	0.01	1005
928	0.3	0.7	0.01	-10
929	0.3	0.7	0.01	-10
930	0.3	0.7	0.01	-10
931	0.3	0.7	0.01	-15
932	0.3	0.7	0.01	-10
933	0.3	0.7	0.01	400
934	0.3	0.7	0.01	-10
935	0.3	0.7	0.01	-10
936	0.3	0.7	0.01	145
937	0.3	0.7	0.01	1035
938	0.3	0.7	0.01	-10
939	0.3	0.7	0.01	795
940	0.3	0.7	0.01	-10
941	0.3	0.7	0.01	-10
942	0.3	0.7	0.01	-10
943	0.3	0.7	0.01	1105
944	0.3	0.7	0.01	-10
945	0.3	0.7	0.01	-10
946	0.3	0.7	0.01	-10
947	0.3	0.7	0.01	-10
948	0.3	0.7	0.01	270
949	0.3	0.7	0.01	-10
950	0.3	0.7	0.01	-10
951	0.3	0.7	0.01	1135
952	0.3	0.7	0.01	3230
953	0.3	0.7	0.01	-10
954	0.3	0.7	0.01	305
955	0.3	0.7	0.01	-10
956	0.3	0.7	0.01	-45
957	0.3	0.7	0.01	235
958	0.3	0.7	0.01	210
959	0.3	0.7	0.01	-20
960	0.3	0.7	0.01	-10
961	0.3	0.7	0.01	805
962	0.3	0.7	0.01	1115
963	0.3	0.7	0.01	1190
964	0.3	0.7	0.01	110
965	0.3	0.7	0.01	585
966	0.3	0.7	0.01	305
967	0.3	0.7	0.01	960
968	0.3	0.7	0.01	-10
969	0.3	0.7	0.01	360
970	0.3	0.7	0.01	150
971	0.3	0.7	0.01	315
972	0.3	0.7	0.01	335
973	0.3	0.7	0.01	410
974	0.3	0.7	0.01	-10
975	0.3	0.7	0.01	400
976	0.3	0.7	0.01	815
977	0.3	0.7	0.01	1050
978	0.3	0.7	0.01	-10
979	0.3	0.7	0.01	450
980	0.3	0.7	0.01	-10
981	0.3	0.7	0.01	1665
982	0.3	0.7	0.01	-10
983	0.3	0.7	0.01	1670
984	0.3	0.7	0.01	275
985	0.3	0.7	0.01	555
986	0.3	0.7	0.01	140
987	0.3	0.7	0.01	1410
988	0.3	0.7	0.01	-10
989	0.3	0.7	0.01	-10
990	0.3	0.7	0.01	-10
991	0.3	0.7	0.01	-10
992	0.3	0.7	0.01	-10
993	0.3	0.7	0.01	-10
994	0.3	0.7	0.01	315
995	0.3	0.7	0.01	2390
996	0.3	0.7	0.01	2520
997	0.3	0.7	0.01	825
998	0.3	0.7	0.01	2775
999	0.3	0.7	0.01	130
1000	0.3	0.7	0.01	-10
