-5.125150182256654752e-01 -1.127809339725052951e+01 -2.509055004191796456e+01 -2.612069373401875794e+01
-5.096742073029522402e+01 -5.118476612405716253e+01 -5.830718941586372495e+01 -5.008580149410109073e+01
-1.670519836637922495e+01 -5.094855681806409109e+01 -2.768095450744142383e+01 -6.423528418669528151e+01
-5.291431926382609419e+01 -4.956380864871524494e+01 -5.238586491982523086e+01 -2.820935117215677224e+01
0.000000000000000000e+00 0.000000000000000000e+00 0.000000000000000000e+00 0.000000000000000000e+00
0.000000000000000000e+00 0.000000000000000000e+00 0.000000000000000000e+00 0.000000000000000000e+00
0.000000000000000000e+00 0.000000000000000000e+00 0.000000000000000000e+00 0.000000000000000000e+00
0.000000000000000000e+00 0.000000000000000000e+00 0.000000000000000000e+00 0.000000000000000000e+00
0.000000000000000000e+00 0.000000000000000000e+00 0.000000000000000000e+00 0.000000000000000000e+00
0.000000000000000000e+00 0.000000000000000000e+00 0.000000000000000000e+00 0.000000000000000000e+00
0.000000000000000000e+00 0.000000000000000000e+00 0.000000000000000000e+00 0.000000000000000000e+00
0.000000000000000000e+00 0.000000000000000000e+00 0.000000000000000000e+00 0.000000000000000000e+00
