2.317418778163589099e+00 -1.400110842862101279e+01 -1.383958992239148955e+01 -1.742439120301086319e+01
-9.488191764625920399e+00 4.057946911398178713e+01 -1.406074781446629807e+01 -1.411014148639066335e+01
-1.407463064568890765e+01 -1.704624935792796947e+01 2.586456031789427179e+00 -1.073584560365706331e+01
-1.414089554933692305e+01 -1.440629165066454043e+01 3.578659599210709530e+00 4.216438509118466982e+01
2.142850849631481935e+01 -3.070094208575487649e+00 -2.840379676195422309e+00 -9.734488004538665251e+00
1.301866708203997902e+01 -9.370257798137576088e+00 -1.527020997535275271e+01 -9.703168815041717465e+00
-1.439781145681719465e+01 -1.448137003817411284e+01 -1.405355577049091131e+01 -1.531773049680225363e+01
-1.157201650005694660e+01 2.152733118768744447e+01 -1.477184722529024263e+01 -1.663684373782161430e+01
-1.296869885158617386e+01 1.270091702902862885e+01 -1.197593655173659855e+01 -1.208669138438133039e+01
0.000000000000000000e+00 0.000000000000000000e+00 0.000000000000000000e+00 0.000000000000000000e+00
0.000000000000000000e+00 0.000000000000000000e+00 0.000000000000000000e+00 0.000000000000000000e+00
-2.306584618755626082e+01 -1.491356960335999737e+01 -1.446880902503832189e+01 -1.360747466435972797e+01
-4.977693624922205373e+01 -4.673617323272917012e+00 -1.748758477665926137e+01 1.569145466817560397e+01
-3.435156832481386147e+00 0.000000000000000000e+00 -3.840596789046738291e+00 0.000000000000000000e+00
-1.933647185581660466e+01 -2.443919306008475445e+01 3.504181297641341075e+01 -1.865047609666290640e+01
-2.380608363355264245e+01 -3.130900450615334307e+01 -1.618340438600082365e+01 -2.237638699233444584e+01
-1.581109615829170068e+01 -2.432059678904673916e+01 1.576204163620725751e+01 -2.666003229764525173e+01
-2.689237812219184320e+01 -2.568175824794153073e+01 -2.191142814812325668e+01 -2.578594780627931371e+01
0.000000000000000000e+00 0.000000000000000000e+00 0.000000000000000000e+00 0.000000000000000000e+00
0.000000000000000000e+00 0.000000000000000000e+00 0.000000000000000000e+00 0.000000000000000000e+00
-1.593046769641593663e+01 -1.624271465590249264e+01 -1.709372034160230669e+01 -6.716878437444640859e+00
1.548112446547156118e+01 -1.185749674458417680e+01 -1.391128795175354682e+01 -1.298897905800890840e+01
-1.701968769435621098e+01 -1.727549529928514715e+01 -2.023562862106341242e+01 -1.244730193823088271e+01
1.622829160860214159e+01 1.452813769448498604e+01 0.000000000000000000e+00 -2.054532239565658003e+00
-2.536951289918679020e+00 3.282500417662323855e+01 -1.309933691058666128e+01 -1.010547784199709298e+01
-7.043601417815516186e+00 -7.692080226804636212e+00 2.961085332183575503e+00 -9.757852864914235980e+00
1.571059159919801118e+01 -1.911966353364775273e+00 -6.914294792482158059e+00 -9.992988239624265745e+00
-1.862678019785838046e+01 1.575545387853919976e+01 -1.993525397171438129e+01 -2.466100000000000136e+01
