-8.594999999999998863e+00 -1.365000000000000036e+01 1.692605872341593809e+01 -1.341969724684087595e+00
-2.250000000000000000e+01 -2.250000000000000000e+01 -2.259517712604541018e+01 -8.331289068793662267e+00
-1.337498118525000379e+01 -1.146140459650629850e+01 -2.250000000000000000e+01 -1.775323944636022944e+01
-1.777175717455475423e+00 -2.770273489512954601e+00 1.899144751820137600e+01 0.000000000000000000e+00
9.880274810381479256e+01 7.050088981511139252e+01 2.074237080428732583e+01 2.096993822310539812e+01
-2.250000000000000000e+01 -2.250000000000000000e+01 -1.356457330893618440e+01 -1.956503653259274955e+01
8.928268866171842433e+01 2.765756477950755610e+01 -4.500000000000000000e+00 -1.894650465628352976e+01
1.509676226771286878e+01 1.530233919072529680e+01 2.102829080796690064e+01 -2.250000000000000000e+01
9.595419352778361599e+01 -1.266285265684758876e+01 2.513880258249068689e+01 2.563231335464067939e+01
-2.250000000000000000e+01 -4.475366393959066436e+00 -1.474001958843635585e+01 5.048624828775324147e+00
7.799143684204754834e+01 -7.288143563250000057e+01 2.351310527063512623e+01 1.487763238542516220e+01
7.313699026589999619e+01 -1.288747183390806761e+01 -5.699249999999999972e+01 -3.825000000000000000e+01
9.372389482905649061e+01 -9.925260370157207745e+00 2.609379387586689347e+01 1.971023857831662696e+01
-1.868850000000000122e+01 -2.586464460025535317e+01 -2.677584557366891005e+01 -6.595276598736297125e+00
7.871877055638481124e+01 -5.735632499999999112e+01 1.856735413090613207e+01 2.187242865347833742e+01
6.525525153348391427e+01 0.000000000000000000e+00 0.000000000000000000e+00 0.000000000000000000e+00
1.017160238571145499e+02 6.725234672399281521e+01 2.253907027396807194e+01 2.435215434439817628e+01
-3.587772884429676878e+01 -3.825000000000000000e+01 -3.344730155862126253e+01 -2.250000000000000000e+01
2.433204269407574216e+01 7.196334322060593536e+01 -6.239474999999999483e+01 -6.594145782874356598e+00
1.449176012344973508e+01 1.358007027211647966e+01 2.411936664685858034e+01 -6.617632499999999141e+01
-9.554473161273810078e+00 -5.325278902081040044e+00 2.684553282089905402e+00 2.362378073628057251e+01
-2.245499999999999829e+01 -2.250000000000000000e+01 6.423354135082443683e+00 0.000000000000000000e+00
-2.063558734749822765e+00 -1.050000000000000000e+01 -2.250000000000000000e+01 -1.274644968877482221e+01
-1.785000000000000142e+01 -1.050000000000000000e+01 2.035262788612688922e+01 0.000000000000000000e+00
-2.834101056896516813e+00 8.688305152495526329e+01 2.293675571331943885e+01 2.520381811815946449e+01
-3.425874572706413801e+01 6.871193617056198377e+01 1.026231788247160992e+01 1.993881836962880172e+01
-7.460566754714883508e+00 -2.250000000000000000e+01 -1.626627784999192272e+01 -2.105391590389213974e+01
-2.153166274054585116e+01 7.253817672020812779e+01 -4.927499999999999858e+01 -3.825000000000000000e+01
-7.175156673386439365e+00 8.893976773985257012e+01 2.292304953337792739e+01 2.653189962883883268e+01
-6.882342749999999398e+01 7.648259257690590118e+01 1.542832562246740125e+01 -1.346811550631364440e+01
-6.148822880306400451e-01 -2.250000000000000000e+01 2.136949817243908356e+01 -1.547970752216048140e+01
-1.050000000000000000e+01 4.899588434976562468e+01 -4.927499999999999858e+01 -4.927499999999999858e+01
2.480968115452085243e+01 2.164783730408551321e+01 8.745125427798944884e+01 -8.097282527209724634e+00
-4.927499999999999858e+01 -3.825000000000000000e+01 6.721440633985163515e+01 -1.050000000000000000e+01
-6.744802949272004966e+00 -3.013817263610487629e+00 4.156831862530609101e+01 0.000000000000000000e+00
1.294031543453481525e+01 3.352453975391788799e+00 7.777456676076694464e+01 -2.731285452074138220e+01
1.961219384447569425e+01 1.923877091388609273e+01 7.033797268345473697e+01 -1.023367387443406251e+01
-2.250000000000000000e+01 -2.250000000000000000e+01 6.429319260992481588e+01 0.000000000000000000e+00
1.333901781567244171e+01 4.043170159532662566e+00 -2.250000000000000000e+01 -5.988873741928641081e+00
2.385041319992293296e+01 2.401791783370859079e+00 1.092257735884530945e+02 -3.825000000000000000e+01
-1.342711873035000503e+00 1.034434071272779043e+01 -7.980102605151177642e+00 -6.132258300282548369e+00
-2.250000000000000000e+01 1.714404712423305455e+01 0.000000000000000000e+00 -1.849920972653859685e+00
-4.469632893436944698e+00 -2.250000000000000000e+01 -6.869544409646042293e-01 -2.785826622998035074e+00
-1.037586753501393488e+01 1.800827738403713951e+01 0.000000000000000000e+00 0.000000000000000000e+00
2.318361893498575554e+01 2.529344965051066652e+01 6.446659789946944841e+01 9.706524052727510821e+01
-2.250000000000000000e+01 -4.070053915748210294e+00 -7.585466607824157492e+00 8.124722571227307810e+01
1.182267283431979976e+01 -6.882342749999999398e+01 5.659872510163125270e+01 1.891489230715781744e+01
-7.040040585067985912e-01 0.000000000000000000e+00 0.000000000000000000e+00 0.000000000000000000e+00
2.313096585744225564e+01 2.379704566303468738e+01 -2.523388398790516796e+00 7.860986189996386031e+01
-4.927499999999999858e+01 -6.617632499999999141e+01 -1.642019697661177702e+01 2.965246117360653688e+00
1.957321340667149201e+01 -1.239579962186091455e+00 -5.081850000000000023e+01 7.458167431252861945e+01
1.543623054492315916e+01 -4.304176304976242484e+00 -5.741039027748955803e+00 -3.825000000000000000e+01
8.802858759206792172e+00 2.231254067555778420e+01 -4.791227820798743764e+00 7.146985194212072656e+01
-4.927499999999999858e+01 -2.250000000000000000e+01 -4.500000000000000000e+00 3.628484577804697864e+01
1.957667758399447777e+01 1.404604872283776018e+01 -5.699249999999999972e+01 8.246617385052493887e+01
-4.550779112541867288e-01 -1.954990560163234470e+00 -6.567546922984803803e-01 -2.250000000000000000e+01
2.281300727572488540e+01 2.162898691224565084e+01 1.065799017775248245e+02 6.089011108779552472e+01
-5.699249999999999972e+01 2.107536637762442666e+01 2.098774579400002693e+01 2.159640488594420660e+01
2.357459446546046067e+01 0.000000000000000000e+00 0.000000000000000000e+00 0.000000000000000000e+00
2.034907909828998385e+01 0.000000000000000000e+00 0.000000000000000000e+00 -2.250000000000000000e+01
5.832594323743587772e+00 3.782160695138329753e+00 -4.500000000000000000e+00 -4.500000000000000000e+00
-3.496374743284900610e+00 2.393235761653963323e+01 0.000000000000000000e+00 0.000000000000000000e+00
1.632069269721770866e+01 0.000000000000000000e+00 0.000000000000000000e+00 0.000000000000000000e+00
2.199523571754010920e+00 0.000000000000000000e+00 0.000000000000000000e+00 0.000000000000000000e+00
2.028210326958159726e+01 2.639913262305714881e+01 5.629752956699486077e+01 1.677542941373985741e+01
-6.617632499999999141e+01 -6.239474999999999483e+01 2.304369331052676984e+01 -2.104386843805652774e+01
-1.432656565402826132e+01 -1.328982038581348490e+01 -3.180208801377224859e+01 1.793183530646244250e+01
1.182011810647061623e+01 5.300641724431756074e+00 5.922607078030584660e+01 -3.825000000000000000e+01
5.126958144016950314e+01 5.558456971047992567e+01 5.928737537270862390e+01 2.128284908929003194e+01
-5.699249999999999972e+01 -5.300874208044635338e+01 -5.356579668786635295e+01 -5.504388926362290135e+01
3.407211281606895881e+01 5.558133197065203035e+01 -4.927499999999999858e+01 6.835382830559631806e+00
3.595726814600138255e+01 1.718743795837245258e+01 5.287542746282498030e+01 -2.756699422473856131e+01
4.947561139513076256e+01 -3.824973546426624349e+00 2.459201673928091836e+01 2.250064357372641766e+01
-4.927499999999999858e+01 -5.301113787258775290e+01 -5.659255823372433269e+01 -5.415561357677674437e+01
5.657367865877210278e+01 -4.927499999999999858e+01 9.465698616887038952e+00 1.538170185634791309e+01
4.990869314818979774e+01 -7.319826125621534452e+00 -3.825000000000000000e+01 -3.825000000000000000e+01
5.828264317376078907e+01 2.263095085948476282e+01 5.240815822845823391e+01 5.275839926172682937e+01
-6.882342749999999398e+01 -8.867262613215189049e+00 -4.261925237107035969e+00 4.187762540714106052e+01
6.332835189906728601e+01 -5.699249999999999972e+01 2.907516341203919552e+01 2.196814826524876452e+01
4.079202902051257951e+01 0.000000000000000000e+00 -2.250000000000000000e+01 -2.250000000000000000e+01
2.264750865104255340e+01 2.046982457784404730e+01 4.593016778103004683e+00 6.466275564589417968e+01
-4.927499999999999858e+01 -3.825000000000000000e+01 -9.676470689654223634e+00 3.667303923344478989e+01
-4.500000000000000000e+00 8.254071154921565068e+00 -4.554222159714021245e+01 6.073936773582418169e+01
-5.861077290184368849e-03 -2.751949983925277454e+00 2.330942937992417185e+01 0.000000000000000000e+00
5.297980648868905718e+01 5.284079719671171915e+01 2.411236177941072967e+01 6.248887478375080207e+01
-3.660505380938048603e+01 -5.823361794096449984e+01 -2.829957935282968151e+01 2.456297735189004783e+01
2.919239858402766075e+01 5.206054368404930699e+01 -6.483752345635251402e+01 6.458269778383686344e+01
3.775352627320457088e+01 5.434033702233223551e+01 2.216125058431994788e+01 -2.534170521699033429e+01
5.329164662705358779e+01 2.505212095123129856e+01 5.691138042695403954e+01 5.408325044175821006e+01
-6.163843499999999409e+01 1.064001760018615883e+01 -1.424811516769105424e+01 -1.450969052932651771e+01
5.611179883059908491e+01 -7.197347947500000487e+01 4.136163053285931568e+01 5.040771217423890249e+01
5.577451840995855292e+01 1.705216393873715219e+01 -4.927499999999999858e+01 -2.250000000000000000e+01
5.491476469437566266e+01 1.212891526411589993e+01 2.333465168118695843e+01 2.597834255975909201e+01
-3.825000000000000000e+01 -2.602935684800173632e+01 -1.066367896850784902e+01 -2.784813492710794591e+01
5.603377392342101615e+01 -2.250000000000000000e+01 1.085751225512276186e+01 2.892253162629201402e+00
4.138902744000584732e+01 0.000000000000000000e+00 -2.250000000000000000e+01 -4.927499999999999858e+01
5.238481584055632112e+01 6.079823284023068908e+01 5.242802665996580913e+01 2.347502884401302481e+01
-5.244859944983453204e+01 -4.927499999999999858e+01 -4.773485260650853235e+01 -4.641053359478253526e+01
3.131135265409722379e+01 5.613871089610884724e+01 0.000000000000000000e+00 9.818389974939126574e+00
4.830586272727980912e+01 3.904587510636935832e+01 6.139280259595857103e+01 -5.699249999999999972e+01
2.169365628182120531e+01 1.668944177345670710e+01 5.421981627102385204e+01 1.711051766552144215e+01
-2.166384170143475885e+01 -4.927499999999999858e+01 4.329667165967988751e+01 -2.433333970278275871e+01
1.651929377901588225e+01 -2.142865706433897621e+00 -6.163843499999999409e+01 -1.000584751033168551e+01
6.249752237281150258e+00 4.964319480004094620e-01 5.635848455073755048e+01 -2.250000000000000000e+01
8.171437656743318456e+00 5.718106911369179102e+01 2.394077418069882413e+01 2.310543238550844336e+01
-2.220592510232772199e+01 5.612834215577522912e+01 -8.699670308707631250e+00 0.000000000000000000e+00
1.219713862164232410e+01 -3.116070989635594657e+01 7.859163471735528539e+00 -8.126594319175417525e-01
1.163387283252679971e+01 4.226749502126726554e+01 -3.825000000000000000e+01 -3.825000000000000000e+01
2.530790159614912582e+01 3.775028976709298689e+01 4.836360469574960064e+01 6.494413337716044055e+01
-7.067639925000000289e+01 5.434014225524801134e+01 2.818261498819585853e+01 3.207756932801763128e+01
1.171448540224083246e+01 -3.825000000000000000e+01 4.906770326048847153e+01 2.626463585300636794e+01
-8.214718306357422783e-02 4.107252120693877373e+01 0.000000000000000000e+00 0.000000000000000000e+00
5.259014404076787486e+01 5.274219716933074409e+01 2.495332726757008501e+01 5.284118514721124171e+01
-3.825000000000000000e+01 -2.250000000000000000e+01 -2.250000000000000000e+01 1.815867674404835341e+01
3.998556462224117780e+01 3.703082563365683200e+01 -4.105756713324612406e+01 5.310160070097538210e+01
5.654601067689036142e+01 1.637205141574036205e+01 6.449585597665229209e+00 -3.825000000000000000e+01
2.236110084595131653e+01 2.286166884132324029e+01 1.503696676373714780e+01 5.230568869674900156e+01
-2.250000000000000000e+01 -2.250000000000000000e+01 -2.166926601701018740e+01 3.119449886527989690e+01
4.181030677443661858e+00 1.268597494481766930e+01 -4.603809933371603336e+01 5.427893940060226896e+01
-7.154582477616335368e+00 -2.131807766254438796e+00 2.223652426943996119e+01 -3.825000000000000000e+01
2.513139137557801561e+01 3.530750521377200357e+01 4.557817285695732323e+01 5.806169270537453997e+01
-6.239474999999999483e+01 5.504983238306554938e+01 2.022703943726273934e+01 5.463310515830077208e+00
2.163116152582603746e+01 -9.984686268059551395e+00 6.244806142754097067e+00 3.777635134425903374e+00
1.990831879635304702e+01 5.048454576011101125e+01 -6.617632499999999141e+01 -4.927499999999999858e+01
1.270613434463045444e+01 3.668472183099918738e+01 2.423947436450504966e+01 2.565914243688920493e+01
-6.239474999999999483e+01 5.687691565790567694e+01 -1.544341960899949839e+01 1.521465098461438892e+01
1.737902634096578680e+01 -3.825000000000000000e+01 8.429882772037705863e+00 0.000000000000000000e+00
-5.930180484375674688e+00 3.548484929085876871e+01 -2.250000000000000000e+01 -2.250000000000000000e+01
