2.197967981234388857e-01 -3.000000000000000000e+00 -2.214974585932551143e+00 3.133280800671471056e+01
-1.500000000000000000e+01 -1.500000000000000000e+01 -1.500000000000000000e+01 1.309622116583113893e+01
5.661504979956069938e+00 0.000000000000000000e+00 -1.500000000000000000e+01 1.684287280391540875e+01
-7.000000000000000000e+00 0.000000000000000000e+00 4.597838695453469882e+01 0.000000000000000000e+00
9.882062490147748690e+01 1.015814860983215482e+02 5.103097181393279413e+01 4.813902116818604782e+01
-1.500000000000000000e+01 -1.500000000000000000e+01 -1.500000000000000000e+01 5.484869087405698229e-01
9.677543100601009485e+01 0.000000000000000000e+00 -4.428000000000000114e+01 2.558787796694512195e+01
5.448479735893352327e+00 2.115875554376193790e+01 5.268044306250901343e+01 -3.660000000000000142e+01
1.034497194498683257e+02 1.081407787136000831e+00 4.860442358517433803e+01 4.984675052181860622e+01
-1.500000000000000000e+01 2.588551162180708687e+00 0.000000000000000000e+00 0.000000000000000000e+00
7.345074153045388243e+01 -6.855754905600002758e+01 4.311751062657948097e+01 3.038046707178862960e+01
6.187541181070429985e+01 -1.059486631885962282e+01 -2.700000000000000000e+01 -1.500000000000000000e+01
9.507323387931182879e+01 5.912036247793860610e+00 5.039878325456966479e+01 5.121484549423713162e+01
-1.500000000000000000e+01 4.047984081817962654e+00 4.762679967039568396e+01 0.000000000000000000e+00
1.067414123792128748e+02 -3.660000000000000142e+01 3.220709119907613172e+01 3.453682804937431428e+01
5.133344649842176466e+01 0.000000000000000000e+00 0.000000000000000000e+00 0.000000000000000000e+00
1.134414336210599572e+02 8.769314237268322643e+01 4.780086086347945695e+01 5.162433053778113390e+01
-1.500000000000000000e+01 -6.414704243856180099e+00 1.086470264373875239e+01 0.000000000000000000e+00
1.249308631179991025e+01 2.552880469801061736e+01 -3.961430382143281292e+01 5.188817230568923122e+01
5.765693352855918441e+00 2.632422304361289278e+01 4.370156474085889187e+01 -4.428000000000000114e+01
-3.000000000000000000e+00 3.011391326022494042e+00 2.122483336264893694e+01 2.912912506197639217e+01
-1.500000000000000000e+01 -1.500000000000000000e+01 1.367140865541347772e+01 0.000000000000000000e+00
-4.048854429364645569e+00 -9.639398615929685832e+00 -1.500000000000000000e+01 3.420824986539488322e+01
2.549690670477438914e+00 -3.301935936252577086e+00 2.449528021307382275e+01 -2.700000000000000000e+01
9.578866954679231327e+00 1.002091055768947427e+02 4.849504566034806174e+01 5.184888750258799206e+01
-5.829638994391560658e+01 9.514933418359397876e+01 4.664718957282694589e+01 1.093802728881313513e+01
-7.000000000000000000e+00 -1.500000000000000000e+01 -3.003395738312402585e+00 1.297990789244271959e+01
-1.405970531860406147e+01 4.608019832901230473e+01 -1.500000000000000000e+01 -2.700000000000000000e+01
8.956368927699520199e+00 1.196877065147172345e+02 4.273385331181265201e+01 4.808060566270633984e+01
-4.513811545830254346e+01 1.089560989176141419e+02 3.513949614344052463e+01 2.698899573590377088e+01
8.173640623596362786e+00 -2.700000000000000000e+01 0.000000000000000000e+00 0.000000000000000000e+00
-9.639398615929685832e+00 5.397517238515979443e+01 -1.500000000000000000e+01 -3.660000000000000142e+01
3.884079709027631111e+01 4.910989877513698332e+01 1.120538211826922748e+02 3.425813451794531783e+00
-1.500000000000000000e+01 -3.660000000000000142e+01 6.054613674661460720e+01 -2.897083104037690049e+01
1.388529836708402243e+01 0.000000000000000000e+00 0.000000000000000000e+00 0.000000000000000000e+00
3.321930171620623184e+01 3.195620901452729967e+01 1.016392877174710065e+02 -5.612563200000001018e+01
4.648314103382188733e+01 4.250671389279412438e+01 9.927920684006126351e+01 4.391370440582253565e+00
-1.500000000000000000e+01 -1.500000000000000000e+01 4.783973373763401327e+01 0.000000000000000000e+00
-1.915887667980067821e+00 -5.052212079730864502e-01 -1.500000000000000000e+01 -1.173024564630948507e+00
3.449157726394468426e+01 4.969038693955788233e+01 1.717949734210476720e+01 -3.660000000000000142e+01
3.191266980921225027e+01 9.770961230639233719e+00 4.004056435332510766e+00 -4.396121595298488671e+00
-1.739999999999999858e+01 -2.587768576165844436e+00 -1.500000000000000000e+01 4.196463482697025960e+00
3.475377566557693854e+01 0.000000000000000000e+00 0.000000000000000000e+00 -1.500000000000000000e+01
-2.893578008167532634e+00 1.216115585891008166e+01 0.000000000000000000e+00 0.000000000000000000e+00
4.920871929836872738e+01 4.841341145635119148e+01 1.177579234515336282e+02 1.004274939588121640e+02
-2.789113707493819305e+01 4.843745901612746252e+01 2.495929662363540302e+01 6.190665842854535583e+00
4.725210985368715200e+01 -1.500000000000000000e+01 4.012056024131497622e+01 7.306335209952504961e+00
6.545373292634975471e+00 0.000000000000000000e+00 -1.500000000000000000e+01 0.000000000000000000e+00
4.917282928484014803e+01 4.989027349678863743e+01 1.515311980341428111e+01 1.180292048774803675e+02
-4.428000000000000114e+01 -3.660000000000000142e+01 -2.804504490863171640e+01 3.463547793932766439e+01
3.013744666777519754e+01 3.172231017058281566e+01 -5.927136000000000848e+01 1.029575645436904097e+02
3.185024515478385609e+01 9.547622576779527748e+00 3.694333431466013451e+00 0.000000000000000000e+00
4.798811424495971067e+01 4.510667003722819857e+01 1.502157431873217952e+01 1.137784243141361173e+02
-2.700000000000000000e+01 -3.660000000000000142e+01 -8.455261599248981241e+00 3.345440989186827352e+01
2.783969357645071696e+01 1.475593077836864886e+01 -3.660000000000000142e+01 1.030641217458000938e+02
2.250497444352738441e+01 0.000000000000000000e+00 0.000000000000000000e+00 0.000000000000000000e+00
4.860340511466210955e+01 4.870294504668350299e+01 9.091142778090376453e+01 1.139532376908400124e+02
-1.500000000000000000e+01 4.487363726918881923e+01 2.413163780263367286e+01 2.145712296931540664e+01
4.877870973289238066e+01 0.000000000000000000e+00 1.232574898997489754e+01 0.000000000000000000e+00
3.693710146374023395e+01 0.000000000000000000e+00 0.000000000000000000e+00 -1.500000000000000000e+01
3.842755205715248934e+01 0.000000000000000000e+00 3.284386918150891788e+00 0.000000000000000000e+00
-1.500000000000000000e+01 2.959124318668652620e+01 -2.060000000000000142e+01 -7.000000000000000000e+00
4.460689695791353415e+01 0.000000000000000000e+00 0.000000000000000000e+00 0.000000000000000000e+00
0.000000000000000000e+00 0.000000000000000000e+00 0.000000000000000000e+00 0.000000000000000000e+00
4.557430986220788327e+01 4.781503786596859129e+01 8.510918732086410898e+01 2.483271307944447059e+01
-3.660000000000000142e+01 -1.500000000000000000e+01 5.754581938310244738e+01 6.226048230040223785e+00
-3.000000000000000000e+00 -1.422557233068676430e+00 -2.700000000000000000e+01 3.013134223038428772e+01
8.066069646008914518e+00 4.214054960296897967e+00 8.141039365566949471e+01 -4.428000000000000114e+01
7.911374233202580797e+01 7.843838685943693179e+01 8.019065550374510565e+01 5.129572351735816227e+01
-4.428000000000000114e+01 -4.245225734281450514e+01 -3.829990329119559078e+01 -3.999608877031519683e+01
3.790424149021339417e+01 6.990007155739995426e+01 -3.533422497145716079e+01 3.678444524621297518e+01
5.861667835639570967e+01 7.156469803431969012e+01 8.134173876931684788e+01 -5.250956997970317985e+01
8.320748774378137114e+01 3.270268419833615781e+01 4.719197495157901301e+01 5.050501052587244288e+01
-2.700000000000000000e+01 4.167477868863250734e+01 -3.656483674779864579e-01 -1.203953221206532920e+00
8.001553223218007815e+01 -4.428000000000000114e+01 7.391249811737830910e+00 2.571625614673335747e+01
6.030069445622810065e+01 -5.641149368682246923e+00 -2.700000000000000000e+01 0.000000000000000000e+00
8.023638003852678935e+01 5.060699498617766778e+01 7.899854305554873690e+01 7.693094791901717144e+01
-2.501958915718903498e+01 -1.003590714167260067e+01 6.613082401190627024e+01 3.124567154850134898e+01
8.194160125469228717e+01 -3.516872117007859799e+01 7.130487326601513587e+01 6.868808902582838982e+01
2.242624726962277393e+01 0.000000000000000000e+00 0.000000000000000000e+00 0.000000000000000000e+00
4.633057552121535139e+01 4.712412974815190125e+01 4.083126941685277700e+01 8.120229455080489345e+01
-5.533920000000000528e+01 -5.042399999999999949e+01 -1.456355604581534902e+00 5.463227813244786546e+01
2.893886946281855188e+01 -3.000000000000000000e+00 -1.695456000000000074e+01 7.938257867973433690e+01
1.062400923339068548e+01 0.000000000000000000e+00 4.583767039143449296e+01 0.000000000000000000e+00
8.163142795712658994e+01 7.801387706266280020e+01 5.026529048273509659e+01 7.351357072396770320e+01
-2.700000000000000000e+01 -1.500000000000000000e+01 -2.955006737877390677e+01 4.459217339926560442e+01
7.590333325691004518e+01 7.051446471775352620e+01 -5.676129481655652853e+01 8.255863676068042878e+01
4.684601547553006640e+01 7.522628621330682108e+01 2.459674534076489039e+01 -3.895200280413925498e+01
7.678150533240300035e+01 4.415194969114944001e+01 7.384446097648441310e+01 7.831324118501284204e+01
-4.433090963959762121e+01 2.074623276849121289e+00 9.912616303020065800e+00 3.140044253254981044e+00
8.232080716737338832e+01 -5.144369837163659298e+01 5.992874197264978875e+01 7.392571731865987772e+01
8.399636970710479034e+01 1.635098512778564483e+01 -1.500000000000000000e+01 -1.500000000000000000e+01
8.508123625987357741e+01 3.039418090669999373e+01 5.092509444168340593e+01 5.083961308564494175e+01
-1.221492746611139424e+01 5.077180869261430018e+01 -1.414508183502142025e+00 1.105463846737839440e+01
8.307995209021100891e+01 -5.927136000000000848e+01 3.380911266878831611e+01 3.107866316497727510e+01
6.257424287068246826e+01 0.000000000000000000e+00 0.000000000000000000e+00 0.000000000000000000e+00
8.243265429388033283e+01 8.073394038036555287e+01 9.632449887844062175e+01 5.064339960921780204e+01
-4.428000000000000114e+01 -2.700000000000000000e+01 7.627211837011149242e+00 -2.700000000000000000e+01
7.546839206394648158e+01 5.908365175959136195e+01 -5.432782883580000544e+01 3.454689533676719293e+01
5.558532707170427045e+01 7.792254679112424753e+01 8.140840287094029293e+01 -4.961063434205528466e+01
4.184405464518013673e+01 3.937978178323952960e+01 7.386469379967249438e+01 3.999832184187743422e+01
-2.470633485399356744e+01 -3.660000000000000142e+01 6.042829783576384983e+01 0.000000000000000000e+00
-1.043585134387249624e+01 -9.810101394913838035e+00 -4.428000000000000114e+01 2.771260273977607724e+01
2.105340299109745317e+01 3.822516133306403674e+01 8.662533208398576789e+01 -4.062186403454754924e+01
2.891682230188925473e+01 8.587179902753855743e+01 5.119575045874086783e+01 5.124918601713953592e+01
-3.459683682924652715e+01 8.468043221518311725e+01 3.220790168990169633e+01 2.307862475675051783e+01
3.375324114450032909e+01 -1.500000000000000000e+01 1.926844383420083062e+01 1.032808984530355545e+01
2.387484872364484367e+00 7.639661587786315522e+01 -3.660000000000000142e+01 -3.660000000000000142e+01
4.683279657386994899e+01 8.243314139394354356e+01 8.212982000270891092e+01 8.048592745227746548e+01
-6.292040448000000907e+01 6.529022265959308413e+01 1.070825139564465367e+01 2.874668253116630012e+01
4.607902325617500594e+01 -2.700000000000000000e+01 3.936485346170363897e+01 1.070368951287341019e+01
0.000000000000000000e+00 0.000000000000000000e+00 0.000000000000000000e+00 0.000000000000000000e+00
7.258888584353931606e+01 7.258092248604023666e+01 4.889740845146725690e+01 8.081771493426478514e+01
-5.051524506869203890e+01 -5.027629838635723303e+01 -4.676987115480677915e+01 -4.993316656064535408e+01
6.526002154188229554e+01 6.917475323971909518e+01 -5.995181862774511217e+01 8.131800484590149836e+01
4.930189573379184509e+01 7.715558214755540689e+01 2.945515670535247921e+01 -4.837699732364880489e+00
4.901655243177912524e+01 4.121744710214108665e+01 3.040915791002716873e+01 7.410162901950599235e+01
-2.700000000000000000e+01 -2.700000000000000000e+01 -1.121359824830195606e+01 6.005836905961926675e+01
1.888926319838968837e+01 2.988701405444833270e+01 -2.700000000000000000e+01 8.164359304263184924e+01
1.845510911973201473e+01 6.191057464100421015e+00 4.312642337660263081e+01 -1.860000000000000142e+01
4.904090664750903272e+01 8.083859266429898582e+01 7.907715584585717750e+01 8.393175692363097085e+01
-7.087683139584001424e+01 8.193278667038785557e+01 4.915214068329743924e+01 5.592934827785006746e+01
4.077128724595704057e+01 -1.500000000000000000e+01 3.340314696832511743e+01 3.817798859433565184e+01
4.588314885463251613e+01 8.178829736864480537e+01 -6.855754905600002758e+01 -6.241708800000000679e+01
3.606503375200658468e+01 8.121996421194852189e+01 4.827725314936714085e+01 4.276157887890494891e+01
-3.942515159066076080e+01 7.267659101886071937e+01 2.457789708528339645e+01 2.498116066271461477e+01
4.394648412415545380e+01 -2.700000000000000000e+01 4.871791516967369340e+00 0.000000000000000000e+00
-5.601149763139343207e+00 6.170780755455640332e+01 -2.700000000000000000e+01 0.000000000000000000e+00
