5.071246087753342735e+00 1.863016058642519290e-01 5.023537622251081913e+00 1.233827508688345347e+02
-7.500000000000000000e+00 -1.425000000000000000e+01 -1.447868975799622149e+00 2.523310549682401671e+01
-1.500000000000000000e+00 4.952091839138597962e+00 0.000000000000000000e+00 0.000000000000000000e+00
-3.500000000000000000e+00 -3.500000000000000000e+00 3.048141544224386834e+01 0.000000000000000000e+00
2.126962478229505678e+02 2.045784317375309342e+02 1.347313550639985067e+02 1.377821591979649440e+02
-7.491744842529754145e+00 -7.500000000000000000e+00 1.875976950746713712e+01 0.000000000000000000e+00
1.656976517709824464e+02 2.660620026786775583e+01 -9.206543592700805689e+00 2.519870810093711100e+01
1.488412780400619795e+02 6.230677869053447182e+01 4.446862717136673382e+01 9.732593572930476000e+00
2.257170741813594645e+02 1.843296054864044464e+01 9.237643749199956744e+01 5.424900529147589623e+01
-6.918787534266559902e+00 5.323064688917237497e+00 7.193760290032253124e+01 0.000000000000000000e+00
1.089611879352647605e+02 0.000000000000000000e+00 0.000000000000000000e+00 0.000000000000000000e+00
1.504756188149096090e+02 0.000000000000000000e+00 0.000000000000000000e+00 9.935821539058885321e+00
2.099437212843553198e+02 1.417888090044025340e+01 6.118263011548673092e+01 2.309412885639477508e+01
-5.028501176548182627e+00 3.888833330185819559e+00 8.613770643464933485e+00 6.537484108452414944e+01
4.036443702370710440e+01 0.000000000000000000e+00 0.000000000000000000e+00 -2.392051098031108491e+00
8.276423228346374117e+01 0.000000000000000000e+00 0.000000000000000000e+00 0.000000000000000000e+00
2.001459187209228503e+02 1.928183238306160092e+02 1.403246227052698885e+02 1.265007369832684105e+02
6.167440764803749254e+00 0.000000000000000000e+00 0.000000000000000000e+00 0.000000000000000000e+00
1.569725094819928017e+02 4.274198560155627291e+01 -4.251950989658728197e+00 1.907733731739299188e+01
1.355046585366926308e+02 1.015271045283538740e+02 1.047610771924200321e+02 4.043034265490753398e+01
1.246316996785944653e+01 9.817827726753927564e+00 1.248686286477041563e+02 6.062373199640243016e-01
-7.500000000000000000e+00 -7.500000000000000000e+00 0.000000000000000000e+00 -3.500000000000000000e+00
-3.500000000000000000e+00 -3.500000000000000000e+00 -7.500000000000000000e+00 2.018214245519945393e+01
-3.500000000000000000e+00 0.000000000000000000e+00 5.668114302890999312e+01 0.000000000000000000e+00
4.235138528748989017e+01 1.971404656139609983e+02 1.077645765611062814e+02 9.777656143442180792e+01
-2.032500000000000284e+01 1.924249371803722397e+02 4.450986451321482917e+01 5.782453143153379926e+01
-1.188046465438120647e+00 -2.247636505476726665e+00 7.784299589892661686e+01 0.000000000000000000e+00
-8.413641654733471142e+00 1.516912415162009324e+02 8.626313132836880726e+00 5.695920519651410885e+00
6.912439228077795406e+01 2.018474249187579233e+02 1.162666661853700418e+02 1.235348561970571808e+02
-2.584085024576499379e+01 2.001915245057311381e+02 5.064330322120225958e+01 6.136454100193342498e+01
1.546450024103882726e+01 4.454150729167108302e+00 0.000000000000000000e+00 0.000000000000000000e+00
-3.500000000000000000e+00 1.110349334893764421e+02 -7.514691794566196847e+00 7.574165769078999411e+00
1.305113807298021698e+02 9.263586508491524540e+00 6.289332178355980574e+01 1.748173434090310963e+01
-5.996932534309871166e+00 -5.996932534309871166e+00 3.849081743224576257e+01 0.000000000000000000e+00
1.139226474650682874e+01 7.315385038193538492e+01 -8.779367815573438705e+00 -3.500000000000000000e+00
9.792297272741573977e+01 9.338546224935660334e+00 0.000000000000000000e+00 0.000000000000000000e+00
7.880012174757627008e+01 1.235174788629529132e+02 2.181204457982081806e+02 4.058959580732564376e+01
-7.402206185020485663e+00 -7.141267200784977121e+00 1.172234002946505598e+02 0.000000000000000000e+00
-1.500000000000000000e+00 7.901611724336197540e+01 0.000000000000000000e+00 0.000000000000000000e+00
4.848013306731149896e+01 1.382000789876392162e+02 1.218129809498094858e+02 -2.686648107506313465e+01
1.164908539060972998e+02 4.033487784539686594e+00 8.286389689816152426e+00 0.000000000000000000e+00
1.558488140163583502e+00 0.000000000000000000e+00 0.000000000000000000e+00 0.000000000000000000e+00
0.000000000000000000e+00 0.000000000000000000e+00 0.000000000000000000e+00 -1.723715756821572409e+00
-3.283892450790120154e-01 4.521218058287882258e+01 0.000000000000000000e+00 0.000000000000000000e+00
1.418371698938040026e+02 1.235473473636773747e+02 2.256181609394708971e+02 2.014257543998659514e+02
6.590797536285949221e+00 7.933021529152726714e+01 3.362450416534680908e+00 0.000000000000000000e+00
1.225031958856510350e+01 -2.893318629819437771e+00 1.650907506421148980e+02 3.543639219705567722e+00
1.916160010328862739e+01 0.000000000000000000e+00 0.000000000000000000e+00 0.000000000000000000e+00
9.943932367477265188e+01 8.436825522393372978e+01 2.855980433644112537e+01 2.101017442097086132e+02
-1.276455167229348220e+01 -7.500000000000000000e+00 -3.500000000000000000e+00 1.418249683402498817e+02
2.664329811844793383e+01 9.953246494088427099e+00 -6.376043468417459614e+00 2.091085677555643372e+02
6.034913246649470153e+01 0.000000000000000000e+00 -1.500000000000000000e+00 2.051684263696984256e-01
1.199730423939192008e+02 1.269289055994025830e+02 2.793710102612391921e+01 2.085405184206503293e+02
-1.054798038279633587e+01 -8.549474201812634178e+00 -8.294101525547160847e+00 1.092275268886767066e+02
1.326392588452634982e+02 1.126116287801624516e+01 -1.592030041090493242e+01 5.180816151779535517e+01
8.893126280960535723e+01 2.614387000519233339e+01 4.709892733172386770e+00 -5.215819845721100245e-01
1.309835185711534109e+02 1.330634256459892697e+02 2.084991727530223500e+02 1.976854927223057530e+02
1.765181833128851796e+00 1.253849253090775164e+02 2.992762262364400527e+01 2.789538926226403959e+01
1.286789289991170335e+02 2.343652962144957996e+00 2.162455801964572988e+00 1.099654262517053560e+01
7.439963870341937024e+01 0.000000000000000000e+00 0.000000000000000000e+00 1.145589792505523441e+01
-8.581074856227678405e-01 9.735556967934267902e+01 2.451709199089680435e+00 -6.240838748752871590e-01
-8.972373371633597827e+00 6.409251339499463995e+01 0.000000000000000000e+00 0.000000000000000000e+00
2.843478646170051150e+01 0.000000000000000000e+00 0.000000000000000000e+00 0.000000000000000000e+00
1.378714449448906443e+01 0.000000000000000000e+00 0.000000000000000000e+00 0.000000000000000000e+00
9.208433934171503665e+01 8.799674667008301299e+01 1.796733936778283578e+02 9.727753478037827506e+01
-3.290667719228722810e+00 -3.294894234167053071e+00 1.242486183428740816e+02 -3.500000000000000000e+00
8.558820671969666449e+00 9.067559703033436946e+00 0.000000000000000000e+00 9.489470661353752234e+01
2.515465843984558347e+01 1.477048872663843504e+01 1.638379410488338692e+02 2.295636909054867392e+00
1.774526702574915760e+02 1.838466074776355299e+02 1.690674346070317142e+02 1.451197517233542271e+02
2.972662989509055276e+00 3.163853436825453258e+01 6.923577797806114376e+00 -4.583913024567561223e+00
1.560768813033734261e+02 4.123951144757550225e+01 -3.550055936260815947e+00 4.815659209513155758e+01
1.551997971009816126e+02 1.189087529425257088e+02 1.070342266192773195e+02 -5.962618874851759898e+00
1.846262357728199106e+02 5.731063572086634395e+01 8.141930861418374832e+01 1.049315110338016126e+02
1.042195481037161642e+01 1.025247685717260708e+02 0.000000000000000000e+00 6.350321557532331518e+00
1.382612603986362387e+02 0.000000000000000000e+00 0.000000000000000000e+00 0.000000000000000000e+00
1.360903696182668057e+02 2.402269731572628331e+01 7.920611217065882670e-01 7.014026233548602995e+00
1.708508425022097867e+02 1.215190804680289887e+02 1.585361620200776258e+02 1.801196609240618045e+02
1.322020538068954920e+00 4.877258091680880625e+01 2.897488221641901873e+01 1.527030949283062284e+02
1.399094246191117747e+02 8.444151111846089464e+00 0.000000000000000000e+00 1.393021967795539062e+01
1.325836809184131226e+01 0.000000000000000000e+00 0.000000000000000000e+00 0.000000000000000000e+00
9.555889464198571659e+01 1.106645845450305501e+02 4.341050828113574767e+01 1.696744222822614176e+02
-9.979078626291656207e+00 -1.068351485057473838e+01 5.206306738360423125e+00 1.060648883966532878e+02
-3.500000000000000000e+00 7.211613168112917194e+00 -7.500000000000000000e+00 1.479159266548437301e+02
1.237590662128509678e+01 1.945379180630067140e+01 1.148875912239950878e+02 -6.279239367313207865e+00
1.698937654932794601e+02 1.655622072046105018e+02 1.331032533967205040e+02 1.652411470239946993e+02
-4.833098986120171858e+00 3.460275197479862896e+01 -7.500000000000000000e+00 1.216520882121867686e+01
1.436194372285779650e+02 1.030937658265574584e+02 -1.835540737339044881e+01 1.081950928422219675e+02
1.542438884099957193e+02 3.420501249137186761e+01 0.000000000000000000e+00 1.452158777705675519e+01
1.648385649304402421e+02 1.320135954047706264e+02 1.809602891365314292e+02 1.674815509577199180e+02
-7.788540222412770220e+00 4.665726919444625764e+01 1.471812857661039402e+02 7.093543648795542822e+01
1.373985074865302920e+02 -2.708705379099475063e+00 3.692772891343784636e+01 2.043281469328936595e+01
1.773066783446702175e+02 3.268084603902598673e+01 1.265476898047466392e+01 6.226186480022187553e+00
1.745481230096858098e+02 4.782980223262265440e+01 8.077962330920991008e+01 5.938412805612909295e+01
-5.888974056438918581e+00 9.519993850274273939e+01 0.000000000000000000e+00 3.329422237895398151e+00
9.881498800876465793e+01 -7.523007549559581619e+00 0.000000000000000000e+00 1.029645649758873560e+01
7.424769272944129739e+01 0.000000000000000000e+00 0.000000000000000000e+00 0.000000000000000000e+00
1.623550634963501693e+02 1.594803028594662635e+02 1.634866764849888909e+02 1.090055352664107033e+02
-7.500000000000000000e+00 -4.208458359114018998e-01 1.917087835772469662e+00 0.000000000000000000e+00
4.169916348762096447e+01 0.000000000000000000e+00 8.354761412091616535e+01 0.000000000000000000e+00
1.727706272555708011e+01 6.875193487212631283e+01 1.805807882556821937e+02 2.452440297341343012e+01
1.079613083333892405e+02 9.944740739693666853e+01 1.761842237165884626e+02 3.556400752959049782e+01
1.656347028673725319e+01 -4.102150823093750454e+00 1.410607102967083506e+02 1.774335760707081278e+01
1.226411421921067557e+01 -1.500000000000000000e+00 3.985919991278041863e+00 1.087456226181757586e+02
2.210555817566158865e+01 5.467201191405330718e+01 1.818486646192129683e+02 9.857446269939355687e+00
6.280511326105711589e+01 1.615556997057211106e+02 9.308503014710910861e+01 1.029394234375120192e+02
-4.116866122897266500e+00 1.521102790403436416e+02 2.235432056667709233e+01 0.000000000000000000e+00
1.303872645190430291e+01 -6.593699753574497002e+00 -1.500000000000000000e+00 7.144893162744396875e+01
1.165454816388287185e+01 1.501895321983269866e+02 1.046835022875946386e+01 1.755535032687542696e+01
1.330641200297812361e+02 1.602523149012549197e+02 1.770908839819504124e+02 1.690119929099203091e+02
2.725202529118629613e+01 1.519632521854881304e+02 1.225558380906773266e+02 1.077852207852499191e+02
4.657615120878389803e+01 8.896761705358995798e+00 1.568600965710620585e+02 3.009380937288785418e+01
9.995553559729282611e+00 7.069734553296510171e+01 0.000000000000000000e+00 0.000000000000000000e+00
1.683503271496979607e+02 1.763839778732044010e+02 1.370741713646401649e+02 1.686787923127236013e+02
1.687002022238490184e+01 0.000000000000000000e+00 0.000000000000000000e+00 6.110341542369929613e+01
3.108394316971316584e+01 4.684908569544499102e+01 6.327079040190709769e+00 1.718070226718298557e+02
1.686329047824409031e+02 3.822843824797001844e+01 6.299606732388750174e+01 4.610376280714298503e+01
1.284247000784908153e+02 1.172887004221947791e+02 1.090976709307285688e+02 1.674354087516818765e+02
-8.729764593736634382e+00 -1.492500000000000071e+01 -7.484108185151626458e+00 1.491744615239067002e+02
9.771195748203462372e+00 2.186380872085210569e+01 1.718883553068717873e+00 1.760315969809205967e+02
1.019339757668727628e+02 1.601163522621902757e+01 -1.932756600677351777e+00 0.000000000000000000e+00
1.338378357808161638e+02 1.772207160084336124e+02 1.645970820565180475e+02 1.599456102047784896e+02
2.848924161176698178e+01 1.771479032411274090e+02 9.853355649267076899e+01 8.795310917339585899e+01
1.248120693467571272e+02 -2.000692611867063597e+00 0.000000000000000000e+00 0.000000000000000000e+00
5.206134709623340484e+01 1.725872492786523082e+02 5.318875759248253132e+01 5.542158663481469461e+01
7.418968517802140639e+01 1.714443932436962541e+02 8.897554153517499742e+01 1.143292886952535810e+02
9.256397236719170252e+00 1.625314294368485548e+02 5.245619361803417924e+00 5.203852132889948967e-01
1.209872578566436516e+02 0.000000000000000000e+00 0.000000000000000000e+00 3.633304232537736489e+00
-3.500000000000000000e+00 1.428014803990211306e+02 -7.500000000000000000e+00 -2.351088897234269837e+00
