Episode Alpha Gamma Epsilon TotalReward
1	0.3	0.9	0.8991	-10
2	0.3	0.9	0.8874815732991008	-50
3	0.3	0.9	0.8804065205598663	-25
4	0.3	0.9	0.8795261140393065	-10
5	0.3	0.9	0.8690296563332859	-5
6	0.3	0.9	0.8681606266769526	-10
7	0.3	0.9	0.8577998071919045	-25
8	0.3	0.9	0.8569420073847126	-10
9	0.3	0.9	0.8560850653773279	-10
10	0.3	0.9	0.8399650134431641	0
11	0.3	0.9	0.7800228511665391	385
12	0.3	0.9	0.7412201640257551	545
13	0.3	0.9	0.6924691414083393	850
14	0.3	0.9	0.6821544994167473	100
15	0.3	0.9	0.6560497719309414	120
16	0.3	0.9	0.6553937221590105	-10
17	0.3	0.9	0.6462776129689248	5
18	0.3	0.9	0.6411254516919934	75
19	0.3	0.9	0.6328406457009308	300
20	0.3	0.9	0.6259141006235728	100
21	0.3	0.9	0.6252881865229492	-10
22	0.3	0.9	0.6246628983364262	-10
23	0.3	0.9	0.5894460055940194	410
24	0.3	0.9	0.5888565595884253	-10
25	0.3	0.9	0.5882677030288369	-10
26	0.3	0.9	0.568024533105691	100
27	0.3	0.9	0.5674565085725853	-10
28	0.3	0.9	0.5545475754123983	165
29	0.3	0.9	0.5386888288296824	90
30	0.3	0.9	0.5017502914340856	445
31	0.3	0.9	0.5012485411426515	-10
32	0.3	0.9	0.4947712644946718	30
33	0.3	0.9	0.48303231483523695	115
34	0.3	0.9	0.47346289635433336	195
35	0.3	0.9	0.4599229794517696	400
36	0.3	0.9	0.4553443910970378	65
37	0.3	0.9	0.45488904670594077	-10
38	0.3	0.9	0.4449858698346354	125
39	0.3	0.9	0.44454088396480074	-10
40	0.3	0.9	0.4352982903993521	50
41	0.3	0.9	0.4224269410002109	270
42	0.3	0.9	0.4124044337306038	445
43	0.3	0.9	0.4074827086933013	15
44	0.3	0.9	0.407075225984608	-10
45	0.3	0.9	0.4014130688976743	275
46	0.3	0.9	0.4010116558287766	-10
47	0.3	0.9	0.40061064417294784	-10
48	0.3	0.9	0.3926740925505104	365
49	0.3	0.9	0.3837412430054015	345
50	0.3	0.9	0.3799210529628226	45
51	0.3	0.9	0.3795411319098598	-10
52	0.3	0.9	0.3791615907779499	-10
53	0.3	0.9	0.378782429187172	-10
54	0.3	0.9	0.3657479602906836	285
55	0.3	0.9	0.3635589514388687	-15
56	0.3	0.9	0.35778543235709875	160
57	0.3	0.9	0.35742764692474166	-10
58	0.3	0.9	0.34581932079006295	395
59	0.3	0.9	0.3362659736538983	115
60	0.3	0.9	0.3332516572620502	135
61	0.3	0.9	0.3312571394333005	-35
62	0.3	0.9	0.33092588229386716	-10
63	0.3	0.9	0.33059495641157327	-10
64	0.3	0.9	0.3125817111652744	440
65	0.3	0.9	0.3060827235209303	380
66	0.3	0.9	0.3033389723148677	10
67	0.3	0.9	0.29643838617419166	180
68	0.3	0.9	0.29466419650861614	5
69	0.3	0.9	0.2896947798265222	190
70	0.3	0.9	0.2839555973852008	240
71	0.3	0.9	0.2797259499490995	165
72	0.3	0.9	0.2684836075209906	620
73	0.3	0.9	0.24957346872423994	1175
74	0.3	0.9	0.24659500416566318	155
75	0.3	0.9	0.24634840916149753	-10
76	0.3	0.9	0.23906412498631444	270
77	0.3	0.9	0.23432799329180157	365
78	0.3	0.9	0.23409366529850978	-10
79	0.3	0.9	0.23385957163321128	-10
80	0.3	0.9	0.23106864017181025	95
81	0.3	0.9	0.23083757153163845	-10
82	0.3	0.9	0.22067516853687685	575
83	0.3	0.9	0.2078178083833861	480
84	0.3	0.9	0.2076099905750027	-10
85	0.3	0.9	0.20309021048400536	375
86	0.3	0.9	0.1922165783625577	445
87	0.3	0.9	0.18973270090020314	-10
88	0.3	0.9	0.18954296819930294	-10
89	0.3	0.9	0.18935342523110363	-10
90	0.3	0.9	0.1857879068356953	80
91	0.3	0.9	0.1856021189288596	-10
92	0.3	0.9	0.18541651680993076	-10
93	0.3	0.9	0.179036057646499	345
94	0.3	0.9	0.1788570215888525	-10
95	0.3	0.9	0.16995967577229645	920
96	0.3	0.9	0.16759564494644746	170
97	0.3	0.9	0.16493413255543002	100
98	0.3	0.9	0.1647691984228746	-10
99	0.3	0.9	0.1621525715803298	35
100	0.3	0.9	0.15973723546807286	250
101	0.3	0.9	0.15532445350577131	465
102	0.3	0.9	0.14863507828532846	690
103	0.3	0.9	0.14848644320704313	-10
104	0.3	0.9	0.14759774887694652	-35
105	0.3	0.9	0.14745015112806956	-10
106	0.3	0.9	0.14337680301152073	95
107	0.3	0.9	0.1432334262085092	-10
108	0.3	0.9	0.1430901927823007	-10
109	0.3	0.9	0.14223379511884027	-35
110	0.3	0.9	0.14209156132372142	-10
111	0.3	0.9	0.14067702280955982	170
112	0.3	0.9	0.14053634578675026	-10
113	0.3	0.9	0.1403958094409635	-10
114	0.3	0.9	0.1355645800323489	485
115	0.3	0.9	0.1280498464072502	700
116	0.3	0.9	0.12715618205190843	-40
117	0.3	0.9	0.1263951497611107	-35
118	0.3	0.9	0.12563867226378259	-35
119	0.3	0.9	0.1255130335915188	-10
120	0.3	0.9	0.1253875205579273	-10
121	0.3	0.9	0.12526213303736936	-10
122	0.3	0.9	0.12314962754492699	-30
123	0.3	0.9	0.12302647791738207	-10
124	0.3	0.9	0.12290345143946468	-10
125	0.3	0.9	0.12107274877659822	165
126	0.3	0.9	0.12095167602782163	-10
127	0.3	0.9	0.1208307243517938	-10
128	0.3	0.9	0.1163230903564563	785
129	0.3	0.9	0.11220791891206763	505
130	0.3	0.9	0.11209571099315556	-10
131	0.3	0.9	0.11097978476224522	-35
132	0.3	0.9	0.11009504771101503	160
133	0.3	0.9	0.109984952663304	-10
134	0.3	0.9	0.1098749677106407	-10
135	0.3	0.9	0.10759052165360124	70
136	0.3	0.9	0.10651944512224396	-55
137	0.3	0.9	0.10193196053360774	605
138	0.3	0.9	0.09991257268528593	305
139	0.3	0.9	0.09981266011260065	-10
140	0.3	0.9	0.09812935177679061	10
141	0.3	0.9	0.09803122242501382	-10
142	0.3	0.9	0.09686129629817268	155
143	0.3	0.9	0.09465782170437964	305
144	0.3	0.9	0.09456316388267526	-10
145	0.3	0.9	0.09446860071879258	-10
146	0.3	0.9	0.09306144805653925	225
147	0.3	0.9	0.09021940134135838	245
148	0.3	0.9	0.09012918194001703	-10
149	0.3	0.9	0.08261576047106055	1225
150	0.3	0.9	0.07695069894703402	1435
151	0.3	0.9	0.07687374824808699	-10
152	0.3	0.9	0.0720335455809244	1400
153	0.3	0.9	0.07018389808309536	315
154	0.3	0.9	0.06913847708306464	205
155	0.3	0.9	0.06845019526158716	150
156	0.3	0.9	0.06838174506632558	-10
157	0.3	0.9	0.06556781102976408	955
158	0.3	0.9	0.06485016054096161	145
159	0.3	0.9	0.05654353320265036	3095
160	0.3	0.9	0.05531255036345187	560
161	0.3	0.9	0.05340916292585348	610
162	0.3	0.9	0.05335575376292763	-10
163	0.3	0.9	0.04717765079050074	2390
164	0.3	0.9	0.046474918280401185	20
165	0.3	0.9	0.046428443362120785	-10
166	0.3	0.9	0.046058313214892524	160
167	0.3	0.9	0.04559979718950133	-55
168	0.3	0.9	0.045554197392311827	-10
169	0.3	0.9	0.045010543601221836	-25
170	0.3	0.9	0.04337478373129683	875
171	0.3	0.9	0.04105245888601035	880
172	0.3	0.9	0.040360122401135956	340
173	0.3	0.9	0.03983857738527908	255
174	0.3	0.9	0.03944197957513542	170
175	0.3	0.9	0.03940253759556028	-10
176	0.3	0.9	0.03897127033314283	185
177	0.3	0.9	0.03662729384136577	905
178	0.3	0.9	0.03590166557214612	530
179	0.3	0.9	0.03586576390657398	-10
180	0.3	0.9	0.03522563846111262	130
181	0.3	0.9	0.03473567226881505	-15
182	0.3	0.9	0.03347331873548308	870
183	0.3	0.9	0.03310694774985637	145
184	0.3	0.9	0.031999687938273534	745
185	0.3	0.9	0.028464782226245166	2565
186	0.3	0.9	0.02773387535783515	515
187	0.3	0.9	0.02770614148247731	-10
188	0.3	0.9	0.027430323525093586	130
189	0.3	0.9	0.025987667054780422	985
190	0.3	0.9	0.02501818770998577	580
191	0.3	0.9	0.02486845335655288	-35
192	0.3	0.9	0.023209589731052943	1695
193	0.3	0.9	0.022818167482402944	295
194	0.3	0.9	0.019875503469881005	2940
195	0.3	0.9	0.019855627966411125	-10
196	0.3	0.9	0.019835772338444715	-10
197	0.3	0.9	0.017381752470297523	3145
198	0.3	0.9	0.01708861481830798	275
199	0.3	0.9	0.015789938214572474	1800
200	0.3	0.9	0.015246582866815264	1010
201	0.3	0.9	0.015109911219203322	115
202	0.3	0.9	0.01500445862048614	-20
203	0.3	0.9	0.014855087437531325	25
204	0.3	0.9	0.014707203262596035	45
205	0.3	0.9	0.014459171020789714	255
206	0.3	0.9	0.014144387165103914	170
207	0.3	0.9	0.014003578096515604	125
208	0.3	0.9	0.012052086822651263	3630
209	0.3	0.9	0.010362176222664807	3205
210	0.3	0.9	0.010279568374260627	140
211	0.3	0.9	0.01	1205
212	0.3	0.9	0.01	1685
213	0.3	0.9	0.01	920
214	0.3	0.9	0.01	425
215	0.3	0.9	0.01	2885
216	0.3	0.9	0.01	-10
217	0.3	0.9	0.01	2830
218	0.3	0.9	0.01	1270
219	0.3	0.9	0.01	1895
220	0.3	0.9	0.01	-10
221	0.3	0.9	0.01	680
222	0.3	0.9	0.01	145
223	0.3	0.9	0.01	-10
224	0.3	0.9	0.01	100
225	0.3	0.9	0.01	100
226	0.3	0.9	0.01	-35
227	0.3	0.9	0.01	390
228	0.3	0.9	0.01	-15
229	0.3	0.9	0.01	775
230	0.3	0.9	0.01	-10
231	0.3	0.9	0.01	540
232	0.3	0.9	0.01	425
233	0.3	0.9	0.01	305
234	0.3	0.9	0.01	675
235	0.3	0.9	0.01	-10
236	0.3	0.9	0.01	-10
237	0.3	0.9	0.01	-10
238	0.3	0.9	0.01	295
239	0.3	0.9	0.01	45
240	0.3	0.9	0.01	225
241	0.3	0.9	0.01	390
242	0.3	0.9	0.01	1035
243	0.3	0.9	0.01	-10
244	0.3	0.9	0.01	730
245	0.3	0.9	0.01	505
246	0.3	0.9	0.01	250
247	0.3	0.9	0.01	155
248	0.3	0.9	0.01	-45
249	0.3	0.9	0.01	225
250	0.3	0.9	0.01	-10
251	0.3	0.9	0.01	465
252	0.3	0.9	0.01	-10
253	0.3	0.9	0.01	1060
254	0.3	0.9	0.01	-10
255	0.3	0.9	0.01	855
256	0.3	0.9	0.01	230
257	0.3	0.9	0.01	905
258	0.3	0.9	0.01	645
259	0.3	0.9	0.01	-10
260	0.3	0.9	0.01	-10
261	0.3	0.9	0.01	375
262	0.3	0.9	0.01	25
263	0.3	0.9	0.01	855
264	0.3	0.9	0.01	-10
265	0.3	0.9	0.01	405
266	0.3	0.9	0.01	-55
267	0.3	0.9	0.01	-10
268	0.3	0.9	0.01	-15
269	0.3	0.9	0.01	-10
270	0.3	0.9	0.01	45
271	0.3	0.9	0.01	-10
272	0.3	0.9	0.01	-10
273	0.3	0.9	0.01	-10
274	0.3	0.9	0.01	-10
275	0.3	0.9	0.01	40
276	0.3	0.9	0.01	220
277	0.3	0.9	0.01	2665
278	0.3	0.9	0.01	1275
279	0.3	0.9	0.01	2330
280	0.3	0.9	0.01	865
281	0.3	0.9	0.01	1525
282	0.3	0.9	0.01	1130
283	0.3	0.9	0.01	1865
284	0.3	0.9	0.01	110
285	0.3	0.9	0.01	1170
286	0.3	0.9	0.01	2480
287	0.3	0.9	0.01	1935
288	0.3	0.9	0.01	310
289	0.3	0.9	0.01	1340
290	0.3	0.9	0.01	-10
291	0.3	0.9	0.01	25
292	0.3	0.9	0.01	85
293	0.3	0.9	0.01	1625
294	0.3	0.9	0.01	1215
295	0.3	0.9	0.01	2190
296	0.3	0.9	0.01	2060
297	0.3	0.9	0.01	915
298	0.3	0.9	0.01	1150
299	0.3	0.9	0.01	280
300	0.3	0.9	0.01	-10
301	0.3	0.9	0.01	5
302	0.3	0.9	0.01	-10
303	0.3	0.9	0.01	470
304	0.3	0.9	0.01	-15
305	0.3	0.9	0.01	345
306	0.3	0.9	0.01	-10
307	0.3	0.9	0.01	515
308	0.3	0.9	0.01	130
309	0.3	0.9	0.01	200
310	0.3	0.9	0.01	175
311	0.3	0.9	0.01	-10
312	0.3	0.9	0.01	1010
313	0.3	0.9	0.01	-10
314	0.3	0.9	0.01	-10
315	0.3	0.9	0.01	335
316	0.3	0.9	0.01	265
317	0.3	0.9	0.01	810
318	0.3	0.9	0.01	185
319	0.3	0.9	0.01	-10
320	0.3	0.9	0.01	1365
321	0.3	0.9	0.01	100
322	0.3	0.9	0.01	25
323	0.3	0.9	0.01	220
324	0.3	0.9	0.01	-10
325	0.3	0.9	0.01	-10
326	0.3	0.9	0.01	240
327	0.3	0.9	0.01	2225
328	0.3	0.9	0.01	1200
329	0.3	0.9	0.01	780
330	0.3	0.9	0.01	210
331	0.3	0.9	0.01	1640
332	0.3	0.9	0.01	1145
333	0.3	0.9	0.01	300
334	0.3	0.9	0.01	1310
335	0.3	0.9	0.01	820
336	0.3	0.9	0.01	140
337	0.3	0.9	0.01	400
338	0.3	0.9	0.01	1520
339	0.3	0.9	0.01	430
340	0.3	0.9	0.01	4250
341	0.3	0.9	0.01	1575
342	0.3	0.9	0.01	130
343	0.3	0.9	0.01	965
344	0.3	0.9	0.01	320
345	0.3	0.9	0.01	160
346	0.3	0.9	0.01	2430
347	0.3	0.9	0.01	205
348	0.3	0.9	0.01	3105
349	0.3	0.9	0.01	640
350	0.3	0.9	0.01	370
351	0.3	0.9	0.01	1980
352	0.3	0.9	0.01	1350
353	0.3	0.9	0.01	2005
354	0.3	0.9	0.01	1990
355	0.3	0.9	0.01	510
356	0.3	0.9	0.01	875
357	0.3	0.9	0.01	810
358	0.3	0.9	0.01	515
359	0.3	0.9	0.01	1750
360	0.3	0.9	0.01	1065
361	0.3	0.9	0.01	2560
362	0.3	0.9	0.01	-10
363	0.3	0.9	0.01	3330
364	0.3	0.9	0.01	620
365	0.3	0.9	0.01	180
366	0.3	0.9	0.01	-10
367	0.3	0.9	0.01	5660
368	0.3	0.9	0.01	1075
369	0.3	0.9	0.01	-10
370	0.3	0.9	0.01	1525
371	0.3	0.9	0.01	480
372	0.3	0.9	0.01	1120
373	0.3	0.9	0.01	190
374	0.3	0.9	0.01	345
375	0.3	0.9	0.01	830
376	0.3	0.9	0.01	445
377	0.3	0.9	0.01	-55
378	0.3	0.9	0.01	-10
379	0.3	0.9	0.01	140
380	0.3	0.9	0.01	165
381	0.3	0.9	0.01	880
382	0.3	0.9	0.01	495
383	0.3	0.9	0.01	-10
384	0.3	0.9	0.01	1040
385	0.3	0.9	0.01	-10
386	0.3	0.9	0.01	650
387	0.3	0.9	0.01	450
388	0.3	0.9	0.01	1945
389	0.3	0.9	0.01	2020
390	0.3	0.9	0.01	810
391	0.3	0.9	0.01	2245
392	0.3	0.9	0.01	675
393	0.3	0.9	0.01	265
394	0.3	0.9	0.01	360
395	0.3	0.9	0.01	530
396	0.3	0.9	0.01	765
397	0.3	0.9	0.01	505
398	0.3	0.9	0.01	1240
399	0.3	0.9	0.01	1420
400	0.3	0.9	0.01	755
401	0.3	0.9	0.01	2420
402	0.3	0.9	0.01	1070
403	0.3	0.9	0.01	1190
404	0.3	0.9	0.01	4395
405	0.3	0.9	0.01	-10
406	0.3	0.9	0.01	2210
407	0.3	0.9	0.01	900
408	0.3	0.9	0.01	1145
409	0.3	0.9	0.01	660
410	0.3	0.9	0.01	695
411	0.3	0.9	0.01	425
412	0.3	0.9	0.01	-10
413	0.3	0.9	0.01	1950
414	0.3	0.9	0.01	1755
415	0.3	0.9	0.01	-10
416	0.3	0.9	0.01	-5
417	0.3	0.9	0.01	10
418	0.3	0.9	0.01	-10
419	0.3	0.9	0.01	-10
420	0.3	0.9	0.01	790
421	0.3	0.9	0.01	425
422	0.3	0.9	0.01	175
423	0.3	0.9	0.01	-10
424	0.3	0.9	0.01	-10
425	0.3	0.9	0.01	-10
426	0.3	0.9	0.01	300
427	0.3	0.9	0.01	-45
428	0.3	0.9	0.01	-60
429	0.3	0.9	0.01	-10
430	0.3	0.9	0.01	15
431	0.3	0.9	0.01	-10
432	0.3	0.9	0.01	-10
433	0.3	0.9	0.01	-45
434	0.3	0.9	0.01	-10
435	0.3	0.9	0.01	235
436	0.3	0.9	0.01	640
437	0.3	0.9	0.01	515
438	0.3	0.9	0.01	-10
439	0.3	0.9	0.01	-10
440	0.3	0.9	0.01	-10
441	0.3	0.9	0.01	265
442	0.3	0.9	0.01	2675
443	0.3	0.9	0.01	-10
444	0.3	0.9	0.01	105
445	0.3	0.9	0.01	185
446	0.3	0.9	0.01	945
447	0.3	0.9	0.01	130
448	0.3	0.9	0.01	-10
449	0.3	0.9	0.01	630
450	0.3	0.9	0.01	-10
451	0.3	0.9	0.01	690
452	0.3	0.9	0.01	460
453	0.3	0.9	0.01	-10
454	0.3	0.9	0.01	1040
455	0.3	0.9	0.01	225
456	0.3	0.9	0.01	670
457	0.3	0.9	0.01	310
458	0.3	0.9	0.01	-10
459	0.3	0.9	0.01	-35
460	0.3	0.9	0.01	845
461	0.3	0.9	0.01	-10
462	0.3	0.9	0.01	795
463	0.3	0.9	0.01	220
464	0.3	0.9	0.01	3745
465	0.3	0.9	0.01	1025
466	0.3	0.9	0.01	190
467	0.3	0.9	0.01	-10
468	0.3	0.9	0.01	-10
469	0.3	0.9	0.01	425
470	0.3	0.9	0.01	325
471	0.3	0.9	0.01	355
472	0.3	0.9	0.01	-15
473	0.3	0.9	0.01	85
474	0.3	0.9	0.01	-15
475	0.3	0.9	0.01	105
476	0.3	0.9	0.01	1790
477	0.3	0.9	0.01	255
478	0.3	0.9	0.01	805
479	0.3	0.9	0.01	1365
480	0.3	0.9	0.01	1435
481	0.3	0.9	0.01	1825
482	0.3	0.9	0.01	-35
483	0.3	0.9	0.01	-15
484	0.3	0.9	0.01	260
485	0.3	0.9	0.01	1595
486	0.3	0.9	0.01	1605
487	0.3	0.9	0.01	495
488	0.3	0.9	0.01	-10
489	0.3	0.9	0.01	2745
490	0.3	0.9	0.01	1050
491	0.3	0.9	0.01	5465
492	0.3	0.9	0.01	1485
493	0.3	0.9	0.01	1815
494	0.3	0.9	0.01	-15
495	0.3	0.9	0.01	-35
496	0.3	0.9	0.01	65
497	0.3	0.9	0.01	1215
498	0.3	0.9	0.01	1700
499	0.3	0.9	0.01	1085
500	0.3	0.9	0.01	1970
501	0.3	0.9	0.01	2445
502	0.3	0.9	0.01	2180
503	0.3	0.9	0.01	955
504	0.3	0.9	0.01	675
505	0.3	0.9	0.01	2800
506	0.3	0.9	0.01	225
507	0.3	0.9	0.01	1830
508	0.3	0.9	0.01	870
509	0.3	0.9	0.01	510
510	0.3	0.9	0.01	350
511	0.3	0.9	0.01	4105
512	0.3	0.9	0.01	1255
513	0.3	0.9	0.01	-10
514	0.3	0.9	0.01	2565
515	0.3	0.9	0.01	2365
516	0.3	0.9	0.01	395
517	0.3	0.9	0.01	1275
518	0.3	0.9	0.01	1675
519	0.3	0.9	0.01	1650
520	0.3	0.9	0.01	1680
521	0.3	0.9	0.01	950
522	0.3	0.9	0.01	1590
523	0.3	0.9	0.01	465
524	0.3	0.9	0.01	1905
525	0.3	0.9	0.01	400
526	0.3	0.9	0.01	2195
527	0.3	0.9	0.01	2025
528	0.3	0.9	0.01	2285
529	0.3	0.9	0.01	1380
530	0.3	0.9	0.01	720
531	0.3	0.9	0.01	-10
532	0.3	0.9	0.01	3485
533	0.3	0.9	0.01	600
534	0.3	0.9	0.01	-10
535	0.3	0.9	0.01	2630
536	0.3	0.9	0.01	690
537	0.3	0.9	0.01	40
538	0.3	0.9	0.01	-35
539	0.3	0.9	0.01	1150
540	0.3	0.9	0.01	220
541	0.3	0.9	0.01	-10
542	0.3	0.9	0.01	-55
543	0.3	0.9	0.01	130
544	0.3	0.9	0.01	-55
545	0.3	0.9	0.01	-10
546	0.3	0.9	0.01	175
547	0.3	0.9	0.01	215
548	0.3	0.9	0.01	320
549	0.3	0.9	0.01	35
550	0.3	0.9	0.01	25
551	0.3	0.9	0.01	695
552	0.3	0.9	0.01	125
553	0.3	0.9	0.01	75
554	0.3	0.9	0.01	445
555	0.3	0.9	0.01	355
556	0.3	0.9	0.01	80
557	0.3	0.9	0.01	3515
558	0.3	0.9	0.01	3020
559	0.3	0.9	0.01	3715
560	0.3	0.9	0.01	1670
561	0.3	0.9	0.01	190
562	0.3	0.9	0.01	840
563	0.3	0.9	0.01	370
564	0.3	0.9	0.01	2650
565	0.3	0.9	0.01	170
566	0.3	0.9	0.01	3310
567	0.3	0.9	0.01	170
568	0.3	0.9	0.01	1005
569	0.3	0.9	0.01	2260
570	0.3	0.9	0.01	995
571	0.3	0.9	0.01	1770
572	0.3	0.9	0.01	1835
573	0.3	0.9	0.01	1590
574	0.3	0.9	0.01	790
575	0.3	0.9	0.01	700
576	0.3	0.9	0.01	470
577	0.3	0.9	0.01	175
578	0.3	0.9	0.01	215
579	0.3	0.9	0.01	55
580	0.3	0.9	0.01	45
581	0.3	0.9	0.01	115
582	0.3	0.9	0.01	25
583	0.3	0.9	0.01	285
584	0.3	0.9	0.01	740
585	0.3	0.9	0.01	205
586	0.3	0.9	0.01	90
587	0.3	0.9	0.01	975
588	0.3	0.9	0.01	-10
589	0.3	0.9	0.01	1155
590	0.3	0.9	0.01	445
591	0.3	0.9	0.01	2365
592	0.3	0.9	0.01	1565
593	0.3	0.9	0.01	2355
594	0.3	0.9	0.01	1490
595	0.3	0.9	0.01	365
596	0.3	0.9	0.01	1190
597	0.3	0.9	0.01	870
598	0.3	0.9	0.01	415
599	0.3	0.9	0.01	515
600	0.3	0.9	0.01	2165
601	0.3	0.9	0.01	1120
602	0.3	0.9	0.01	985
603	0.3	0.9	0.01	100
604	0.3	0.9	0.01	190
605	0.3	0.9	0.01	1035
606	0.3	0.9	0.01	1075
607	0.3	0.9	0.01	1220
608	0.3	0.9	0.01	3955
609	0.3	0.9	0.01	305
610	0.3	0.9	0.01	-10
611	0.3	0.9	0.01	2075
612	0.3	0.9	0.01	2965
613	0.3	0.9	0.01	-10
614	0.3	0.9	0.01	2350
615	0.3	0.9	0.01	1600
616	0.3	0.9	0.01	1200
617	0.3	0.9	0.01	200
618	0.3	0.9	0.01	1100
619	0.3	0.9	0.01	1765
620	0.3	0.9	0.01	1845
621	0.3	0.9	0.01	1670
622	0.3	0.9	0.01	570
623	0.3	0.9	0.01	130
624	0.3	0.9	0.01	-55
625	0.3	0.9	0.01	930
626	0.3	0.9	0.01	225
627	0.3	0.9	0.01	1115
628	0.3	0.9	0.01	880
629	0.3	0.9	0.01	610
630	0.3	0.9	0.01	50
631	0.3	0.9	0.01	-10
632	0.3	0.9	0.01	290
633	0.3	0.9	0.01	185
634	0.3	0.9	0.01	-10
635	0.3	0.9	0.01	395
636	0.3	0.9	0.01	720
637	0.3	0.9	0.01	485
638	0.3	0.9	0.01	135
639	0.3	0.9	0.01	240
640	0.3	0.9	0.01	415
641	0.3	0.9	0.01	-10
642	0.3	0.9	0.01	125
643	0.3	0.9	0.01	650
644	0.3	0.9	0.01	705
645	0.3	0.9	0.01	-10
646	0.3	0.9	0.01	280
647	0.3	0.9	0.01	-35
648	0.3	0.9	0.01	-10
649	0.3	0.9	0.01	645
650	0.3	0.9	0.01	790
651	0.3	0.9	0.01	340
652	0.3	0.9	0.01	1075
653	0.3	0.9	0.01	135
654	0.3	0.9	0.01	-10
655	0.3	0.9	0.01	45
656	0.3	0.9	0.01	285
657	0.3	0.9	0.01	-10
658	0.3	0.9	0.01	25
659	0.3	0.9	0.01	305
660	0.3	0.9	0.01	1270
661	0.3	0.9	0.01	210
662	0.3	0.9	0.01	-10
663	0.3	0.9	0.01	115
664	0.3	0.9	0.01	1275
665	0.3	0.9	0.01	540
666	0.3	0.9	0.01	350
667	0.3	0.9	0.01	140
668	0.3	0.9	0.01	-10
669	0.3	0.9	0.01	-10
670	0.3	0.9	0.01	1365
671	0.3	0.9	0.01	525
672	0.3	0.9	0.01	1405
673	0.3	0.9	0.01	330
674	0.3	0.9	0.01	-10
675	0.3	0.9	0.01	210
676	0.3	0.9	0.01	230
677	0.3	0.9	0.01	135
678	0.3	0.9	0.01	-10
679	0.3	0.9	0.01	180
680	0.3	0.9	0.01	230
681	0.3	0.9	0.01	215
682	0.3	0.9	0.01	130
683	0.3	0.9	0.01	-10
684	0.3	0.9	0.01	100
685	0.3	0.9	0.01	220
686	0.3	0.9	0.01	405
687	0.3	0.9	0.01	85
688	0.3	0.9	0.01	-10
689	0.3	0.9	0.01	-20
690	0.3	0.9	0.01	55
691	0.3	0.9	0.01	-10
692	0.3	0.9	0.01	10
693	0.3	0.9	0.01	25
694	0.3	0.9	0.01	-10
695	0.3	0.9	0.01	125
696	0.3	0.9	0.01	-10
697	0.3	0.9	0.01	-10
698	0.3	0.9	0.01	5
699	0.3	0.9	0.01	140
700	0.3	0.9	0.01	230
701	0.3	0.9	0.01	-10
702	0.3	0.9	0.01	-10
703	0.3	0.9	0.01	125
704	0.3	0.9	0.01	105
705	0.3	0.9	0.01	25
706	0.3	0.9	0.01	145
707	0.3	0.9	0.01	910
708	0.3	0.9	0.01	1595
709	0.3	0.9	0.01	-10
710	0.3	0.9	0.01	335
711	0.3	0.9	0.01	320
712	0.3	0.9	0.01	285
713	0.3	0.9	0.01	160
714	0.3	0.9	0.01	-10
715	0.3	0.9	0.01	350
716	0.3	0.9	0.01	-10
717	0.3	0.9	0.01	680
718	0.3	0.9	0.01	-10
719	0.3	0.9	0.01	190
720	0.3	0.9	0.01	400
721	0.3	0.9	0.01	240
722	0.3	0.9	0.01	330
723	0.3	0.9	0.01	295
724	0.3	0.9	0.01	330
725	0.3	0.9	0.01	-10
726	0.3	0.9	0.01	450
727	0.3	0.9	0.01	195
728	0.3	0.9	0.01	1190
729	0.3	0.9	0.01	180
730	0.3	0.9	0.01	435
731	0.3	0.9	0.01	-10
732	0.3	0.9	0.01	590
733	0.3	0.9	0.01	565
734	0.3	0.9	0.01	530
735	0.3	0.9	0.01	320
736	0.3	0.9	0.01	-30
737	0.3	0.9	0.01	495
738	0.3	0.9	0.01	160
739	0.3	0.9	0.01	-10
740	0.3	0.9	0.01	170
741	0.3	0.9	0.01	-10
742	0.3	0.9	0.01	520
743	0.3	0.9	0.01	1230
744	0.3	0.9	0.01	-10
745	0.3	0.9	0.01	-10
746	0.3	0.9	0.01	-10
747	0.3	0.9	0.01	260
748	0.3	0.9	0.01	50
749	0.3	0.9	0.01	1105
750	0.3	0.9	0.01	70
751	0.3	0.9	0.01	120
752	0.3	0.9	0.01	760
753	0.3	0.9	0.01	595
754	0.3	0.9	0.01	915
755	0.3	0.9	0.01	520
756	0.3	0.9	0.01	225
757	0.3	0.9	0.01	-10
758	0.3	0.9	0.01	-10
759	0.3	0.9	0.01	705
760	0.3	0.9	0.01	385
761	0.3	0.9	0.01	635
762	0.3	0.9	0.01	-10
763	0.3	0.9	0.01	4695
764	0.3	0.9	0.01	1090
765	0.3	0.9	0.01	90
766	0.3	0.9	0.01	3935
767	0.3	0.9	0.01	2215
768	0.3	0.9	0.01	1775
769	0.3	0.9	0.01	1290
770	0.3	0.9	0.01	2925
771	0.3	0.9	0.01	4235
772	0.3	0.9	0.01	1485
773	0.3	0.9	0.01	430
774	0.3	0.9	0.01	1280
775	0.3	0.9	0.01	3325
776	0.3	0.9	0.01	875
777	0.3	0.9	0.01	315
778	0.3	0.9	0.01	1860
779	0.3	0.9	0.01	1550
780	0.3	0.9	0.01	2445
781	0.3	0.9	0.01	2105
782	0.3	0.9	0.01	305
783	0.3	0.9	0.01	250
784	0.3	0.9	0.01	745
785	0.3	0.9	0.01	2045
786	0.3	0.9	0.01	365
787	0.3	0.9	0.01	1670
788	0.3	0.9	0.01	135
789	0.3	0.9	0.01	5
790	0.3	0.9	0.01	145
791	0.3	0.9	0.01	170
792	0.3	0.9	0.01	230
793	0.3	0.9	0.01	360
794	0.3	0.9	0.01	1480
795	0.3	0.9	0.01	1685
796	0.3	0.9	0.01	500
797	0.3	0.9	0.01	1935
798	0.3	0.9	0.01	415
799	0.3	0.9	0.01	145
800	0.3	0.9	0.01	1860
801	0.3	0.9	0.01	600
802	0.3	0.9	0.01	1080
803	0.3	0.9	0.01	125
804	0.3	0.9	0.01	1380
805	0.3	0.9	0.01	1780
806	0.3	0.9	0.01	2690
807	0.3	0.9	0.01	190
808	0.3	0.9	0.01	770
809	0.3	0.9	0.01	2445
810	0.3	0.9	0.01	3715
811	0.3	0.9	0.01	245
812	0.3	0.9	0.01	-10
813	0.3	0.9	0.01	225
814	0.3	0.9	0.01	745
815	0.3	0.9	0.01	650
816	0.3	0.9	0.01	660
817	0.3	0.9	0.01	765
818	0.3	0.9	0.01	-10
819	0.3	0.9	0.01	130
820	0.3	0.9	0.01	315
821	0.3	0.9	0.01	-10
822	0.3	0.9	0.01	190
823	0.3	0.9	0.01	100
824	0.3	0.9	0.01	285
825	0.3	0.9	0.01	435
826	0.3	0.9	0.01	980
827	0.3	0.9	0.01	710
828	0.3	0.9	0.01	155
829	0.3	0.9	0.01	-20
830	0.3	0.9	0.01	-10
831	0.3	0.9	0.01	125
832	0.3	0.9	0.01	270
833	0.3	0.9	0.01	175
834	0.3	0.9	0.01	325
835	0.3	0.9	0.01	-10
836	0.3	0.9	0.01	660
837	0.3	0.9	0.01	245
838	0.3	0.9	0.01	-35
839	0.3	0.9	0.01	455
840	0.3	0.9	0.01	-10
841	0.3	0.9	0.01	125
842	0.3	0.9	0.01	25
843	0.3	0.9	0.01	-35
844	0.3	0.9	0.01	-10
845	0.3	0.9	0.01	-35
846	0.3	0.9	0.01	-10
847	0.3	0.9	0.01	-10
848	0.3	0.9	0.01	685
849	0.3	0.9	0.01	650
850	0.3	0.9	0.01	515
851	0.3	0.9	0.01	130
852	0.3	0.9	0.01	-10
853	0.3	0.9	0.01	765
854	0.3	0.9	0.01	2265
855	0.3	0.9	0.01	-10
856	0.3	0.9	0.01	130
857	0.3	0.9	0.01	625
858	0.3	0.9	0.01	-10
859	0.3	0.9	0.01	375
860	0.3	0.9	0.01	560
861	0.3	0.9	0.01	-10
862	0.3	0.9	0.01	155
863	0.3	0.9	0.01	975
864	0.3	0.9	0.01	-25
865	0.3	0.9	0.01	140
866	0.3	0.9	0.01	195
867	0.3	0.9	0.01	2060
868	0.3	0.9	0.01	220
869	0.3	0.9	0.01	125
870	0.3	0.9	0.01	-10
871	0.3	0.9	0.01	-10
872	0.3	0.9	0.01	450
873	0.3	0.9	0.01	785
874	0.3	0.9	0.01	240
875	0.3	0.9	0.01	125
876	0.3	0.9	0.01	325
877	0.3	0.9	0.01	-10
878	0.3	0.9	0.01	895
879	0.3	0.9	0.01	-10
880	0.3	0.9	0.01	-10
881	0.3	0.9	0.01	1350
882	0.3	0.9	0.01	5
883	0.3	0.9	0.01	320
884	0.3	0.9	0.01	45
885	0.3	0.9	0.01	5
886	0.3	0.9	0.01	5
887	0.3	0.9	0.01	-10
888	0.3	0.9	0.01	-10
889	0.3	0.9	0.01	300
890	0.3	0.9	0.01	1500
891	0.3	0.9	0.01	425
892	0.3	0.9	0.01	1590
893	0.3	0.9	0.01	770
894	0.3	0.9	0.01	150
895	0.3	0.9	0.01	-10
896	0.3	0.9	0.01	265
897	0.3	0.9	0.01	-10
898	0.3	0.9	0.01	95
899	0.3	0.9	0.01	285
900	0.3	0.9	0.01	220
901	0.3	0.9	0.01	-10
902	0.3	0.9	0.01	285
903	0.3	0.9	0.01	55
904	0.3	0.9	0.01	-10
905	0.3	0.9	0.01	155
906	0.3	0.9	0.01	660
907	0.3	0.9	0.01	1300
908	0.3	0.9	0.01	1135
909	0.3	0.9	0.01	830
910	0.3	0.9	0.01	2050
911	0.3	0.9	0.01	70
912	0.3	0.9	0.01	-10
913	0.3	0.9	0.01	650
914	0.3	0.9	0.01	-10
915	0.3	0.9	0.01	-10
916	0.3	0.9	0.01	-60
917	0.3	0.9	0.01	-55
918	0.3	0.9	0.01	40
919	0.3	0.9	0.01	375
920	0.3	0.9	0.01	-10
921	0.3	0.9	0.01	100
922	0.3	0.9	0.01	355
923	0.3	0.9	0.01	270
924	0.3	0.9	0.01	395
925	0.3	0.9	0.01	225
926	0.3	0.9	0.01	475
927	0.3	0.9	0.01	295
928	0.3	0.9	0.01	105
929	0.3	0.9	0.01	-10
930	0.3	0.9	0.01	-20
931	0.3	0.9	0.01	1910
932	0.3	0.9	0.01	-45
933	0.3	0.9	0.01	355
934	0.3	0.9	0.01	-10
935	0.3	0.9	0.01	855
936	0.3	0.9	0.01	535
937	0.3	0.9	0.01	205
938	0.3	0.9	0.01	-35
939	0.3	0.9	0.01	190
940	0.3	0.9	0.01	160
941	0.3	0.9	0.01	160
942	0.3	0.9	0.01	120
943	0.3	0.9	0.01	110
944	0.3	0.9	0.01	820
945	0.3	0.9	0.01	95
946	0.3	0.9	0.01	445
947	0.3	0.9	0.01	140
948	0.3	0.9	0.01	1670
949	0.3	0.9	0.01	155
950	0.3	0.9	0.01	1130
951	0.3	0.9	0.01	840
952	0.3	0.9	0.01	340
953	0.3	0.9	0.01	230
954	0.3	0.9	0.01	-10
955	0.3	0.9	0.01	-10
956	0.3	0.9	0.01	945
957	0.3	0.9	0.01	445
958	0.3	0.9	0.01	1565
959	0.3	0.9	0.01	290
960	0.3	0.9	0.01	-10
961	0.3	0.9	0.01	115
962	0.3	0.9	0.01	120
963	0.3	0.9	0.01	-10
964	0.3	0.9	0.01	215
965	0.3	0.9	0.01	1105
966	0.3	0.9	0.01	1445
967	0.3	0.9	0.01	435
968	0.3	0.9	0.01	380
969	0.3	0.9	0.01	2095
970	0.3	0.9	0.01	290
971	0.3	0.9	0.01	-10
972	0.3	0.9	0.01	55
973	0.3	0.9	0.01	670
974	0.3	0.9	0.01	375
975	0.3	0.9	0.01	355
976	0.3	0.9	0.01	950
977	0.3	0.9	0.01	365
978	0.3	0.9	0.01	-10
979	0.3	0.9	0.01	330
980	0.3	0.9	0.01	1455
981	0.3	0.9	0.01	530
982	0.3	0.9	0.01	535
983	0.3	0.9	0.01	-10
984	0.3	0.9	0.01	-10
985	0.3	0.9	0.01	1200
986	0.3	0.9	0.01	780
987	0.3	0.9	0.01	-10
988	0.3	0.9	0.01	455
989	0.3	0.9	0.01	900
990	0.3	0.9	0.01	225
991	0.3	0.9	0.01	-10
992	0.3	0.9	0.01	-10
993	0.3	0.9	0.01	-10
994	0.3	0.9	0.01	-10
995	0.3	0.9	0.01	225
996	0.3	0.9	0.01	810
997	0.3	0.9	0.01	1735
998	0.3	0.9	0.01	640
999	0.3	0.9	0.01	990
1000	0.3	0.9	0.01	585
