Episode Alpha Gamma Epsilon TotalReward
1	0.3	0.8	0.8475626360008509	315
2	0.3	0.8	0.8070133629764978	355
3	0.3	0.8	0.8062063496135213	-10
4	0.3	0.8	0.8054001432639079	-10
5	0.3	0.8	0.8045947431206439	-10
6	0.3	0.8	0.7699431733539435	155
7	0.3	0.8	0.7691732301805895	-10
8	0.3	0.8	0.7684040569504089	-10
9	0.3	0.8	0.7592337542656222	115
10	0.3	0.8	0.7584745205113566	-10
11	0.3	0.8	0.7577160459908452	-10
12	0.3	0.8	0.7449374091430291	110
13	0.3	0.8	0.744192471733886	-10
14	0.3	0.8	0.7287197249094396	275
15	0.3	0.8	0.7279910051845302	-10
16	0.3	0.8	0.7272630141793457	-10
17	0.3	0.8	0.7265357511651663	-10
18	0.3	0.8	0.7258092154140011	-10
19	0.3	0.8	0.6835208576111119	500
20	0.3	0.8	0.6828373367535008	-10
21	0.3	0.8	0.6821544994167473	-10
22	0.3	0.8	0.6814723449173306	-10
23	0.3	0.8	0.6807908725724132	-10
24	0.3	0.8	0.6713215051980365	230
25	0.3	0.8	0.6706501836928385	-10
26	0.3	0.8	0.6699795335091456	-10
27	0.3	0.8	0.6659696926115485	-35
28	0.3	0.8	0.658021864115718	-25
29	0.3	0.8	0.6334741198207515	225
30	0.3	0.8	0.6328406457009308	-10
31	0.3	0.8	0.5754608017570703	485
32	0.3	0.8	0.5562145509778935	85
33	0.3	0.8	0.5446501140153662	235
34	0.3	0.8	0.5441054639013508	-10
35	0.3	0.8	0.5435613584374495	-10
36	0.3	0.8	0.543017797079012	-10
37	0.3	0.8	0.5333261170090126	85
38	0.3	0.8	0.5160050632079171	375
39	0.3	0.8	0.5154890581447091	-10
40	0.3	0.8	0.5073028041634412	260
41	0.3	0.8	0.47822367027848955	775
42	0.3	0.8	0.47488613056251533	-20
43	0.3	0.8	0.4744112444319528	-10
44	0.3	0.8	0.4739368331875209	-10
45	0.3	0.8	0.46038336281458414	170
46	0.3	0.8	0.4553443910970378	125
47	0.3	0.8	0.41864027047039454	765
48	0.3	0.8	0.40302274334628735	535
49	0.3	0.8	0.40261972060294104	-10
50	0.3	0.8	0.4022171008823381	-10
51	0.3	0.8	0.40181488378145575	-10
52	0.3	0.8	0.4014130688976743	-10
53	0.3	0.8	0.38954367272241375	265
54	0.3	0.8	0.3891541290496913	-10
55	0.3	0.8	0.3887649749206416	-10
56	0.3	0.8	0.37351380688120733	215
57	0.3	0.8	0.3668474023222909	190
58	0.3	0.8	0.3621068955329496	110
59	0.3	0.8	0.35351554247137473	260
60	0.3	0.8	0.34478289993983574	400
61	0.3	0.8	0.34135054486930433	125
62	0.3	0.8	0.33592970768024444	135
63	0.3	0.8	0.3256705945653886	305
64	0.3	0.8	0.31635718728051465	500
65	0.3	0.8	0.31604083009323414	-10
66	0.3	0.8	0.3116449034643304	130
67	0.3	0.8	0.3113332585608661	-10
68	0.3	0.8	0.29085646169767776	645
69	0.3	0.8	0.2905656052359801	-10
70	0.3	0.8	0.2902750396307441	-10
71	0.3	0.8	0.27916677777515125	465
72	0.3	0.8	0.2655450102253539	700
73	0.3	0.8	0.2350323855864365	1020
74	0.3	0.8	0.23014575109892055	255
75	0.3	0.8	0.21587095256168204	625
76	0.3	0.8	0.2130814065276578	255
77	0.3	0.8	0.2051323273758854	350
78	0.3	0.8	0.19434370218564678	575
79	0.3	0.8	0.19106615829960835	295
80	0.3	0.8	0.18840854974661272	210
81	0.3	0.8	0.18822014119686611	-10
82	0.3	0.8	0.18541651680993076	80
83	0.3	0.8	0.18430679525127314	-15
84	0.3	0.8	0.18412248845602186	-10
85	0.3	0.8	0.18393836596756583	-10
86	0.3	0.8	0.179036057646499	120
87	0.3	0.8	0.1788570215888525	-10
88	0.3	0.8	0.1749632089497139	165
89	0.3	0.8	0.17391605064750906	-35
90	0.3	0.8	0.170641217477295	220
91	0.3	0.8	0.16493413255543002	310
92	0.3	0.8	0.1623148864667966	200
93	0.3	0.8	0.1621525715803298	-10
94	0.3	0.8	0.16199041900874947	-10
95	0.3	0.8	0.16085988221048902	20
96	0.3	0.8	0.15377817996476598	540
97	0.3	0.8	0.15224729976208987	130
98	0.3	0.8	0.15209505246232777	-10
99	0.3	0.8	0.1419494697623977	740
100	0.3	0.8	0.1418075202926353	-10
101	0.3	0.8	0.14166571277234266	-10
102	0.3	0.8	0.13955553771564821	290
103	0.3	0.8	0.13624444115547807	405
104	0.3	0.8	0.1323481729877169	540
105	0.3	0.8	0.13221582481472918	-10
106	0.3	0.8	0.13208360898991445	-10
107	0.3	0.8	0.13195152538092453	-10
108	0.3	0.8	0.1266483197522955	680
109	0.3	0.8	0.12426353630687734	125
110	0.3	0.8	0.12302647791738207	130
111	0.3	0.8	0.11903089589916596	605
112	0.3	0.8	0.1098749677106407	1390
113	0.3	0.8	0.10976509274293006	-10
114	0.3	0.8	0.10823833022313034	190
115	0.3	0.8	0.1081300918929072	-10
116	0.3	0.8	0.1080219618010143	-10
117	0.3	0.8	0.10430476482264758	100
118	0.3	0.8	0.10420046005782493	-10
119	0.3	0.8	0.10183002857307413	305
120	0.3	0.8	0.09241196895665717	1500
121	0.3	0.8	0.0872893083744132	1035
122	0.3	0.8	0.08633391252028455	100
123	0.3	0.8	0.08624757860776426	-10
124	0.3	0.8	0.08616133102915649	-10
125	0.3	0.8	0.08607516969812734	-10
126	0.3	0.8	0.08598909452842922	-10
127	0.3	0.8	0.08496288179922273	115
128	0.3	0.8	0.08228579279335871	300
129	0.3	0.8	0.07897868074415601	605
130	0.3	0.8	0.07889970206341185	-10
131	0.3	0.8	0.07882080236134843	-10
132	0.3	0.8	0.07874198155898708	-10
133	0.3	0.8	0.07866323957742809	-10
134	0.3	0.8	0.07772445520927442	160
135	0.3	0.8	0.07649014747597584	180
136	0.3	0.8	0.07225007914035812	990
137	0.3	0.8	0.07217782906121777	-10
138	0.3	0.8	0.07210565123215655	-10
139	0.3	0.8	0.0720335455809244	-10
140	0.3	0.8	0.06955476373406538	595
141	0.3	0.8	0.06886233772911012	255
142	0.3	0.8	0.06504510077302347	1150
143	0.3	0.8	0.060342904148660566	1635
144	0.3	0.8	0.059682441126059596	190
145	0.3	0.8	0.0555899447433427	1350
146	0.3	0.8	0.05085395032268676	1805
147	0.3	0.8	0.05044853978645001	100
148	0.3	0.8	0.04994631852963262	5
149	0.3	0.8	0.04496553305762061	2225
150	0.3	0.8	0.03789467902824043	3840
151	0.3	0.8	0.03522563846111262	1610
152	0.3	0.8	0.03494481770112869	140
153	0.3	0.8	0.03445875754671995	355
154	0.3	0.8	0.03374231435271244	355
155	0.3	0.8	0.03248354507798041	780
156	0.3	0.8	0.03245106153290243	-10
157	0.3	0.8	0.03241861047136953	-10
158	0.3	0.8	0.029597417911449184	2155
159	0.3	0.8	0.0287510018941916	195
160	0.3	0.8	0.02790086257796317	535
161	0.3	0.8	0.02588387220863895	1550
162	0.3	0.8	0.025143654798742344	585
163	0.3	0.8	0.025118511143943603	-10
164	0.3	0.8	0.02496817635275351	-35
165	0.3	0.8	0.02430272682539634	530
166	0.3	0.8	0.023325986637517414	770
167	0.3	0.8	0.023302660650879898	-10
168	0.3	0.8	0.023279357990229017	-10
169	0.3	0.8	0.022863872363257095	290
170	0.3	0.8	0.02284100849089384	-10
171	0.3	0.8	0.022077092380321583	480
172	0.3	0.8	0.022055015287941262	-10
173	0.3	0.8	0.020811610069068696	1420
174	0.3	0.8	0.02079079845899963	-10
175	0.3	0.8	0.02077000766054063	-10
176	0.3	0.8	0.020749237652880087	-10
177	0.3	0.8	0.020015190181992677	425
178	0.3	0.8	0.019995174991810683	-10
179	0.3	0.8	0.019975179816818872	-10
180	0.3	0.8	0.019955204637002052	-10
181	0.3	0.8	0.019935249432365052	-10
182	0.3	0.8	0.019915314182932686	-10
183	0.3	0.8	0.01967764045194677	240
184	0.3	0.8	0.01873621856609544	930
185	0.3	0.8	0.018717482347529346	-10
186	0.3	0.8	0.01847560970079357	195
187	0.3	0.8	0.017486408977493817	775
188	0.3	0.8	0.017468922568516322	-10
189	0.3	0.8	0.017451453645947804	-10
190	0.3	0.8	0.016336304918088372	1295
191	0.3	0.8	0.016109077322887678	230
192	0.3	0.8	0.01586912530847368	265
193	0.3	0.8	0.015353737135125044	565
194	0.3	0.8	0.0152161049476645	260
195	0.3	0.8	0.015200888842716835	-10
196	0.3	0.8	0.015185687953874118	-10
197	0.3	0.8	0.014914656635778335	330
198	0.3	0.8	0.014648462633951122	290
199	0.3	0.8	0.013919766401746365	900
200	0.3	0.8	0.01342732569170768	795
201	0.3	0.8	0.013280361400928021	-60
202	0.3	0.8	0.013267081039527093	-10
203	0.3	0.8	0.013253813958487567	-10
204	0.3	0.8	0.01324056014452908	-10
205	0.3	0.8	0.01322731958438455	-10
206	0.3	0.8	0.013214092264800166	-10
207	0.3	0.8	0.01310874878220026	-5
208	0.3	0.8	0.013095640033418059	-10
209	0.3	0.8	0.012332639096491207	1140
210	0.3	0.8	0.011509983738304374	1565
211	0.3	0.8	0.01149847375456607	-10
212	0.3	0.8	0.011486975280811504	-10
213	0.3	0.8	0.011475488305530693	-10
214	0.3	0.8	0.011464012817225163	-10
215	0.3	0.8	0.011361248444797502	-50
216	0.3	0.8	0.011349887196352704	-10
217	0.3	0.8	0.011338537309156353	-10
218	0.3	0.8	0.011327198771847196	-10
219	0.3	0.8	0.011203220716034282	170
220	0.3	0.8	0.011192017495318249	-10
221	0.3	0.8	0.01118082547782293	-10
222	0.3	0.8	0.010269288805886366	1580
223	0.3	0.8	0.01025901951708048	-10
224	0.3	0.8	0.0102487604975634	-10
225	0.3	0.8	0.010238511737065836	-10
226	0.3	0.8	0.01	915
227	0.3	0.8	0.01	-10
228	0.3	0.8	0.01	-10
229	0.3	0.8	0.01	840
230	0.3	0.8	0.01	1175
231	0.3	0.8	0.01	-10
232	0.3	0.8	0.01	-10
233	0.3	0.8	0.01	-10
234	0.3	0.8	0.01	-10
235	0.3	0.8	0.01	3725
236	0.3	0.8	0.01	-10
237	0.3	0.8	0.01	-10
238	0.3	0.8	0.01	50
239	0.3	0.8	0.01	-10
240	0.3	0.8	0.01	130
241	0.3	0.8	0.01	-10
242	0.3	0.8	0.01	640
243	0.3	0.8	0.01	-10
244	0.3	0.8	0.01	-10
245	0.3	0.8	0.01	-10
246	0.3	0.8	0.01	2665
247	0.3	0.8	0.01	-10
248	0.3	0.8	0.01	-10
249	0.3	0.8	0.01	-35
250	0.3	0.8	0.01	495
251	0.3	0.8	0.01	-10
252	0.3	0.8	0.01	-10
253	0.3	0.8	0.01	-10
254	0.3	0.8	0.01	35
255	0.3	0.8	0.01	-10
256	0.3	0.8	0.01	-10
257	0.3	0.8	0.01	-10
258	0.3	0.8	0.01	-10
259	0.3	0.8	0.01	-10
260	0.3	0.8	0.01	580
261	0.3	0.8	0.01	-10
262	0.3	0.8	0.01	460
263	0.3	0.8	0.01	325
264	0.3	0.8	0.01	-10
265	0.3	0.8	0.01	1940
266	0.3	0.8	0.01	-10
267	0.3	0.8	0.01	235
268	0.3	0.8	0.01	-10
269	0.3	0.8	0.01	1645
270	0.3	0.8	0.01	1050
271	0.3	0.8	0.01	975
272	0.3	0.8	0.01	310
273	0.3	0.8	0.01	310
274	0.3	0.8	0.01	-10
275	0.3	0.8	0.01	-10
276	0.3	0.8	0.01	-10
277	0.3	0.8	0.01	-10
278	0.3	0.8	0.01	-10
279	0.3	0.8	0.01	1115
280	0.3	0.8	0.01	-10
281	0.3	0.8	0.01	-10
282	0.3	0.8	0.01	265
283	0.3	0.8	0.01	375
284	0.3	0.8	0.01	-10
285	0.3	0.8	0.01	-10
286	0.3	0.8	0.01	-10
287	0.3	0.8	0.01	5
288	0.3	0.8	0.01	-10
289	0.3	0.8	0.01	460
290	0.3	0.8	0.01	225
291	0.3	0.8	0.01	415
292	0.3	0.8	0.01	460
293	0.3	0.8	0.01	325
294	0.3	0.8	0.01	-10
295	0.3	0.8	0.01	-10
296	0.3	0.8	0.01	1170
297	0.3	0.8	0.01	50
298	0.3	0.8	0.01	-10
299	0.3	0.8	0.01	675
300	0.3	0.8	0.01	-10
301	0.3	0.8	0.01	590
302	0.3	0.8	0.01	950
303	0.3	0.8	0.01	740
304	0.3	0.8	0.01	-10
305	0.3	0.8	0.01	1100
306	0.3	0.8	0.01	-10
307	0.3	0.8	0.01	2365
308	0.3	0.8	0.01	240
309	0.3	0.8	0.01	460
310	0.3	0.8	0.01	-10
311	0.3	0.8	0.01	925
312	0.3	0.8	0.01	2105
313	0.3	0.8	0.01	-10
314	0.3	0.8	0.01	-10
315	0.3	0.8	0.01	-10
316	0.3	0.8	0.01	-10
317	0.3	0.8	0.01	610
318	0.3	0.8	0.01	490
319	0.3	0.8	0.01	-10
320	0.3	0.8	0.01	-10
321	0.3	0.8	0.01	-10
322	0.3	0.8	0.01	745
323	0.3	0.8	0.01	510
324	0.3	0.8	0.01	-10
325	0.3	0.8	0.01	325
326	0.3	0.8	0.01	-10
327	0.3	0.8	0.01	325
328	0.3	0.8	0.01	615
329	0.3	0.8	0.01	470
330	0.3	0.8	0.01	720
331	0.3	0.8	0.01	355
332	0.3	0.8	0.01	-10
333	0.3	0.8	0.01	2575
334	0.3	0.8	0.01	125
335	0.3	0.8	0.01	-10
336	0.3	0.8	0.01	1065
337	0.3	0.8	0.01	770
338	0.3	0.8	0.01	490
339	0.3	0.8	0.01	-10
340	0.3	0.8	0.01	1010
341	0.3	0.8	0.01	200
342	0.3	0.8	0.01	-10
343	0.3	0.8	0.01	185
344	0.3	0.8	0.01	-10
345	0.3	0.8	0.01	575
346	0.3	0.8	0.01	305
347	0.3	0.8	0.01	265
348	0.3	0.8	0.01	-5
349	0.3	0.8	0.01	2515
350	0.3	0.8	0.01	50
351	0.3	0.8	0.01	1100
352	0.3	0.8	0.01	1315
353	0.3	0.8	0.01	-10
354	0.3	0.8	0.01	745
355	0.3	0.8	0.01	125
356	0.3	0.8	0.01	-10
357	0.3	0.8	0.01	1290
358	0.3	0.8	0.01	-20
359	0.3	0.8	0.01	-10
360	0.3	0.8	0.01	-35
361	0.3	0.8	0.01	0
362	0.3	0.8	0.01	30
363	0.3	0.8	0.01	170
364	0.3	0.8	0.01	270
365	0.3	0.8	0.01	-10
366	0.3	0.8	0.01	2225
367	0.3	0.8	0.01	1395
368	0.3	0.8	0.01	540
369	0.3	0.8	0.01	-10
370	0.3	0.8	0.01	-10
371	0.3	0.8	0.01	-10
372	0.3	0.8	0.01	2660
373	0.3	0.8	0.01	775
374	0.3	0.8	0.01	1060
375	0.3	0.8	0.01	-10
376	0.3	0.8	0.01	1640
377	0.3	0.8	0.01	190
378	0.3	0.8	0.01	-10
379	0.3	0.8	0.01	-10
380	0.3	0.8	0.01	-10
381	0.3	0.8	0.01	385
382	0.3	0.8	0.01	220
383	0.3	0.8	0.01	-10
384	0.3	0.8	0.01	-35
385	0.3	0.8	0.01	-10
386	0.3	0.8	0.01	-10
387	0.3	0.8	0.01	125
388	0.3	0.8	0.01	465
389	0.3	0.8	0.01	555
390	0.3	0.8	0.01	240
391	0.3	0.8	0.01	365
392	0.3	0.8	0.01	-10
393	0.3	0.8	0.01	295
394	0.3	0.8	0.01	430
395	0.3	0.8	0.01	360
396	0.3	0.8	0.01	620
397	0.3	0.8	0.01	400
398	0.3	0.8	0.01	240
399	0.3	0.8	0.01	150
400	0.3	0.8	0.01	-10
401	0.3	0.8	0.01	-5
402	0.3	0.8	0.01	-10
403	0.3	0.8	0.01	-35
404	0.3	0.8	0.01	-10
405	0.3	0.8	0.01	45
406	0.3	0.8	0.01	5
407	0.3	0.8	0.01	775
408	0.3	0.8	0.01	-10
409	0.3	0.8	0.01	-10
410	0.3	0.8	0.01	270
411	0.3	0.8	0.01	1740
412	0.3	0.8	0.01	970
413	0.3	0.8	0.01	2140
414	0.3	0.8	0.01	1195
415	0.3	0.8	0.01	-10
416	0.3	0.8	0.01	275
417	0.3	0.8	0.01	615
418	0.3	0.8	0.01	2385
419	0.3	0.8	0.01	700
420	0.3	0.8	0.01	1330
421	0.3	0.8	0.01	2560
422	0.3	0.8	0.01	2135
423	0.3	0.8	0.01	1540
424	0.3	0.8	0.01	-10
425	0.3	0.8	0.01	220
426	0.3	0.8	0.01	310
427	0.3	0.8	0.01	65
428	0.3	0.8	0.01	130
429	0.3	0.8	0.01	125
430	0.3	0.8	0.01	315
431	0.3	0.8	0.01	625
432	0.3	0.8	0.01	180
433	0.3	0.8	0.01	2475
434	0.3	0.8	0.01	805
435	0.3	0.8	0.01	3005
436	0.3	0.8	0.01	605
437	0.3	0.8	0.01	460
438	0.3	0.8	0.01	-10
439	0.3	0.8	0.01	2220
440	0.3	0.8	0.01	1230
441	0.3	0.8	0.01	210
442	0.3	0.8	0.01	2820
443	0.3	0.8	0.01	-10
444	0.3	0.8	0.01	1610
445	0.3	0.8	0.01	1710
446	0.3	0.8	0.01	-10
447	0.3	0.8	0.01	1200
448	0.3	0.8	0.01	785
449	0.3	0.8	0.01	3710
450	0.3	0.8	0.01	675
451	0.3	0.8	0.01	-10
452	0.3	0.8	0.01	2855
453	0.3	0.8	0.01	1235
454	0.3	0.8	0.01	130
455	0.3	0.8	0.01	870
456	0.3	0.8	0.01	115
457	0.3	0.8	0.01	1120
458	0.3	0.8	0.01	820
459	0.3	0.8	0.01	1110
460	0.3	0.8	0.01	1235
461	0.3	0.8	0.01	1235
462	0.3	0.8	0.01	1120
463	0.3	0.8	0.01	785
464	0.3	0.8	0.01	2010
465	0.3	0.8	0.01	2225
466	0.3	0.8	0.01	330
467	0.3	0.8	0.01	380
468	0.3	0.8	0.01	5
469	0.3	0.8	0.01	200
470	0.3	0.8	0.01	860
471	0.3	0.8	0.01	230
472	0.3	0.8	0.01	2330
473	0.3	0.8	0.01	2965
474	0.3	0.8	0.01	105
475	0.3	0.8	0.01	-10
476	0.3	0.8	0.01	275
477	0.3	0.8	0.01	145
478	0.3	0.8	0.01	5
479	0.3	0.8	0.01	325
480	0.3	0.8	0.01	-65
481	0.3	0.8	0.01	-10
482	0.3	0.8	0.01	135
483	0.3	0.8	0.01	70
484	0.3	0.8	0.01	-30
485	0.3	0.8	0.01	-10
486	0.3	0.8	0.01	55
487	0.3	0.8	0.01	510
488	0.3	0.8	0.01	140
489	0.3	0.8	0.01	25
490	0.3	0.8	0.01	1935
491	0.3	0.8	0.01	-10
492	0.3	0.8	0.01	690
493	0.3	0.8	0.01	95
494	0.3	0.8	0.01	-10
495	0.3	0.8	0.01	110
496	0.3	0.8	0.01	-10
497	0.3	0.8	0.01	-10
498	0.3	0.8	0.01	190
499	0.3	0.8	0.01	455
500	0.3	0.8	0.01	85
501	0.3	0.8	0.01	230
502	0.3	0.8	0.01	655
503	0.3	0.8	0.01	725
504	0.3	0.8	0.01	-10
505	0.3	0.8	0.01	-10
506	0.3	0.8	0.01	130
507	0.3	0.8	0.01	-10
508	0.3	0.8	0.01	425
509	0.3	0.8	0.01	410
510	0.3	0.8	0.01	315
511	0.3	0.8	0.01	375
512	0.3	0.8	0.01	1310
513	0.3	0.8	0.01	-10
514	0.3	0.8	0.01	3240
515	0.3	0.8	0.01	220
516	0.3	0.8	0.01	520
517	0.3	0.8	0.01	310
518	0.3	0.8	0.01	865
519	0.3	0.8	0.01	1055
520	0.3	0.8	0.01	3615
521	0.3	0.8	0.01	695
522	0.3	0.8	0.01	-10
523	0.3	0.8	0.01	-10
524	0.3	0.8	0.01	320
525	0.3	0.8	0.01	1725
526	0.3	0.8	0.01	405
527	0.3	0.8	0.01	375
528	0.3	0.8	0.01	790
529	0.3	0.8	0.01	1530
530	0.3	0.8	0.01	1175
531	0.3	0.8	0.01	90
532	0.3	0.8	0.01	810
533	0.3	0.8	0.01	355
534	0.3	0.8	0.01	270
535	0.3	0.8	0.01	3435
536	0.3	0.8	0.01	360
537	0.3	0.8	0.01	1990
538	0.3	0.8	0.01	415
539	0.3	0.8	0.01	2410
540	0.3	0.8	0.01	130
541	0.3	0.8	0.01	465
542	0.3	0.8	0.01	3100
543	0.3	0.8	0.01	1070
544	0.3	0.8	0.01	-10
545	0.3	0.8	0.01	150
546	0.3	0.8	0.01	1165
547	0.3	0.8	0.01	2155
548	0.3	0.8	0.01	265
549	0.3	0.8	0.01	150
550	0.3	0.8	0.01	540
551	0.3	0.8	0.01	235
552	0.3	0.8	0.01	335
553	0.3	0.8	0.01	430
554	0.3	0.8	0.01	45
555	0.3	0.8	0.01	-35
556	0.3	0.8	0.01	445
557	0.3	0.8	0.01	225
558	0.3	0.8	0.01	265
559	0.3	0.8	0.01	440
560	0.3	0.8	0.01	260
561	0.3	0.8	0.01	335
562	0.3	0.8	0.01	230
563	0.3	0.8	0.01	485
564	0.3	0.8	0.01	70
565	0.3	0.8	0.01	530
566	0.3	0.8	0.01	2555
567	0.3	0.8	0.01	845
568	0.3	0.8	0.01	425
569	0.3	0.8	0.01	395
570	0.3	0.8	0.01	935
571	0.3	0.8	0.01	-10
572	0.3	0.8	0.01	705
573	0.3	0.8	0.01	-10
574	0.3	0.8	0.01	765
575	0.3	0.8	0.01	2100
576	0.3	0.8	0.01	-10
577	0.3	0.8	0.01	2985
578	0.3	0.8	0.01	315
579	0.3	0.8	0.01	-10
580	0.3	0.8	0.01	-10
581	0.3	0.8	0.01	765
582	0.3	0.8	0.01	2415
583	0.3	0.8	0.01	1030
584	0.3	0.8	0.01	-10
585	0.3	0.8	0.01	-10
586	0.3	0.8	0.01	-10
587	0.3	0.8	0.01	-10
588	0.3	0.8	0.01	320
589	0.3	0.8	0.01	210
590	0.3	0.8	0.01	450
591	0.3	0.8	0.01	-10
592	0.3	0.8	0.01	345
593	0.3	0.8	0.01	-10
594	0.3	0.8	0.01	145
595	0.3	0.8	0.01	1270
596	0.3	0.8	0.01	-10
597	0.3	0.8	0.01	-10
598	0.3	0.8	0.01	-10
599	0.3	0.8	0.01	165
600	0.3	0.8	0.01	-10
601	0.3	0.8	0.01	1080
602	0.3	0.8	0.01	220
603	0.3	0.8	0.01	-10
604	0.3	0.8	0.01	-10
605	0.3	0.8	0.01	-10
606	0.3	0.8	0.01	865
607	0.3	0.8	0.01	-10
608	0.3	0.8	0.01	-10
609	0.3	0.8	0.01	3310
610	0.3	0.8	0.01	300
611	0.3	0.8	0.01	175
612	0.3	0.8	0.01	2335
613	0.3	0.8	0.01	-10
614	0.3	0.8	0.01	935
615	0.3	0.8	0.01	-10
616	0.3	0.8	0.01	-10
617	0.3	0.8	0.01	210
618	0.3	0.8	0.01	870
619	0.3	0.8	0.01	-10
620	0.3	0.8	0.01	-10
621	0.3	0.8	0.01	-10
622	0.3	0.8	0.01	-10
623	0.3	0.8	0.01	-10
624	0.3	0.8	0.01	365
625	0.3	0.8	0.01	400
626	0.3	0.8	0.01	-10
627	0.3	0.8	0.01	415
628	0.3	0.8	0.01	-10
629	0.3	0.8	0.01	-10
630	0.3	0.8	0.01	380
631	0.3	0.8	0.01	720
632	0.3	0.8	0.01	-35
633	0.3	0.8	0.01	410
634	0.3	0.8	0.01	-10
635	0.3	0.8	0.01	-10
636	0.3	0.8	0.01	375
637	0.3	0.8	0.01	255
638	0.3	0.8	0.01	310
639	0.3	0.8	0.01	145
640	0.3	0.8	0.01	210
641	0.3	0.8	0.01	110
642	0.3	0.8	0.01	1150
643	0.3	0.8	0.01	-10
644	0.3	0.8	0.01	2145
645	0.3	0.8	0.01	1755
646	0.3	0.8	0.01	2470
647	0.3	0.8	0.01	460
648	0.3	0.8	0.01	810
649	0.3	0.8	0.01	145
650	0.3	0.8	0.01	640
651	0.3	0.8	0.01	1710
652	0.3	0.8	0.01	1465
653	0.3	0.8	0.01	980
654	0.3	0.8	0.01	795
655	0.3	0.8	0.01	1685
656	0.3	0.8	0.01	305
657	0.3	0.8	0.01	2105
658	0.3	0.8	0.01	1650
659	0.3	0.8	0.01	1725
660	0.3	0.8	0.01	1245
661	0.3	0.8	0.01	1035
662	0.3	0.8	0.01	825
663	0.3	0.8	0.01	2470
664	0.3	0.8	0.01	-20
665	0.3	0.8	0.01	-5
666	0.3	0.8	0.01	445
667	0.3	0.8	0.01	-10
668	0.3	0.8	0.01	-10
669	0.3	0.8	0.01	1415
670	0.3	0.8	0.01	-10
671	0.3	0.8	0.01	-10
672	0.3	0.8	0.01	1220
673	0.3	0.8	0.01	175
674	0.3	0.8	0.01	265
675	0.3	0.8	0.01	105
676	0.3	0.8	0.01	45
677	0.3	0.8	0.01	135
678	0.3	0.8	0.01	75
679	0.3	0.8	0.01	1065
680	0.3	0.8	0.01	600
681	0.3	0.8	0.01	500
682	0.3	0.8	0.01	440
683	0.3	0.8	0.01	-10
684	0.3	0.8	0.01	-10
685	0.3	0.8	0.01	145
686	0.3	0.8	0.01	385
687	0.3	0.8	0.01	1960
688	0.3	0.8	0.01	540
689	0.3	0.8	0.01	660
690	0.3	0.8	0.01	390
691	0.3	0.8	0.01	-10
692	0.3	0.8	0.01	310
693	0.3	0.8	0.01	3390
694	0.3	0.8	0.01	535
695	0.3	0.8	0.01	-10
696	0.3	0.8	0.01	3645
697	0.3	0.8	0.01	-10
698	0.3	0.8	0.01	1245
699	0.3	0.8	0.01	-10
700	0.3	0.8	0.01	-10
701	0.3	0.8	0.01	350
702	0.3	0.8	0.01	-10
703	0.3	0.8	0.01	-10
704	0.3	0.8	0.01	2495
705	0.3	0.8	0.01	1385
706	0.3	0.8	0.01	300
707	0.3	0.8	0.01	860
708	0.3	0.8	0.01	2330
709	0.3	0.8	0.01	820
710	0.3	0.8	0.01	1235
711	0.3	0.8	0.01	650
712	0.3	0.8	0.01	-10
713	0.3	0.8	0.01	440
714	0.3	0.8	0.01	1475
715	0.3	0.8	0.01	1465
716	0.3	0.8	0.01	1320
717	0.3	0.8	0.01	655
718	0.3	0.8	0.01	525
719	0.3	0.8	0.01	380
720	0.3	0.8	0.01	2405
721	0.3	0.8	0.01	1130
722	0.3	0.8	0.01	1740
723	0.3	0.8	0.01	1670
724	0.3	0.8	0.01	3090
725	0.3	0.8	0.01	20
726	0.3	0.8	0.01	490
727	0.3	0.8	0.01	90
728	0.3	0.8	0.01	1985
729	0.3	0.8	0.01	235
730	0.3	0.8	0.01	2020
731	0.3	0.8	0.01	1450
732	0.3	0.8	0.01	2190
733	0.3	0.8	0.01	3605
734	0.3	0.8	0.01	1695
735	0.3	0.8	0.01	595
736	0.3	0.8	0.01	60
737	0.3	0.8	0.01	1120
738	0.3	0.8	0.01	-10
739	0.3	0.8	0.01	1260
740	0.3	0.8	0.01	-10
741	0.3	0.8	0.01	770
742	0.3	0.8	0.01	725
743	0.3	0.8	0.01	130
744	0.3	0.8	0.01	-10
745	0.3	0.8	0.01	430
746	0.3	0.8	0.01	530
747	0.3	0.8	0.01	-10
748	0.3	0.8	0.01	740
749	0.3	0.8	0.01	-10
750	0.3	0.8	0.01	-10
751	0.3	0.8	0.01	-10
752	0.3	0.8	0.01	-40
753	0.3	0.8	0.01	575
754	0.3	0.8	0.01	-10
755	0.3	0.8	0.01	-10
756	0.3	0.8	0.01	1205
757	0.3	0.8	0.01	-10
758	0.3	0.8	0.01	575
759	0.3	0.8	0.01	-10
760	0.3	0.8	0.01	1905
761	0.3	0.8	0.01	280
762	0.3	0.8	0.01	-10
763	0.3	0.8	0.01	310
764	0.3	0.8	0.01	2100
765	0.3	0.8	0.01	-10
766	0.3	0.8	0.01	165
767	0.3	0.8	0.01	0
768	0.3	0.8	0.01	505
769	0.3	0.8	0.01	-10
770	0.3	0.8	0.01	-10
771	0.3	0.8	0.01	415
772	0.3	0.8	0.01	-10
773	0.3	0.8	0.01	295
774	0.3	0.8	0.01	160
775	0.3	0.8	0.01	3270
776	0.3	0.8	0.01	-10
777	0.3	0.8	0.01	120
778	0.3	0.8	0.01	-10
779	0.3	0.8	0.01	1480
780	0.3	0.8	0.01	2240
781	0.3	0.8	0.01	1085
782	0.3	0.8	0.01	3450
783	0.3	0.8	0.01	790
784	0.3	0.8	0.01	350
785	0.3	0.8	0.01	1540
786	0.3	0.8	0.01	1005
787	0.3	0.8	0.01	875
788	0.3	0.8	0.01	255
789	0.3	0.8	0.01	1080
790	0.3	0.8	0.01	740
791	0.3	0.8	0.01	-5
792	0.3	0.8	0.01	100
793	0.3	0.8	0.01	195
794	0.3	0.8	0.01	95
795	0.3	0.8	0.01	255
796	0.3	0.8	0.01	355
797	0.3	0.8	0.01	-10
798	0.3	0.8	0.01	415
799	0.3	0.8	0.01	230
800	0.3	0.8	0.01	-10
801	0.3	0.8	0.01	470
802	0.3	0.8	0.01	280
803	0.3	0.8	0.01	450
804	0.3	0.8	0.01	-10
805	0.3	0.8	0.01	135
806	0.3	0.8	0.01	-10
807	0.3	0.8	0.01	210
808	0.3	0.8	0.01	120
809	0.3	0.8	0.01	520
810	0.3	0.8	0.01	480
811	0.3	0.8	0.01	685
812	0.3	0.8	0.01	160
813	0.3	0.8	0.01	-10
814	0.3	0.8	0.01	-10
815	0.3	0.8	0.01	635
816	0.3	0.8	0.01	620
817	0.3	0.8	0.01	-10
818	0.3	0.8	0.01	-10
819	0.3	0.8	0.01	1745
820	0.3	0.8	0.01	-10
821	0.3	0.8	0.01	1420
822	0.3	0.8	0.01	1635
823	0.3	0.8	0.01	-10
824	0.3	0.8	0.01	50
825	0.3	0.8	0.01	1430
826	0.3	0.8	0.01	50
827	0.3	0.8	0.01	10
828	0.3	0.8	0.01	-10
829	0.3	0.8	0.01	-10
830	0.3	0.8	0.01	-10
831	0.3	0.8	0.01	995
832	0.3	0.8	0.01	105
833	0.3	0.8	0.01	-10
834	0.3	0.8	0.01	-10
835	0.3	0.8	0.01	-10
836	0.3	0.8	0.01	-10
837	0.3	0.8	0.01	125
838	0.3	0.8	0.01	2115
839	0.3	0.8	0.01	2240
840	0.3	0.8	0.01	5
841	0.3	0.8	0.01	-10
842	0.3	0.8	0.01	-10
843	0.3	0.8	0.01	305
844	0.3	0.8	0.01	-10
845	0.3	0.8	0.01	-10
846	0.3	0.8	0.01	-10
847	0.3	0.8	0.01	-10
848	0.3	0.8	0.01	-10
849	0.3	0.8	0.01	235
850	0.3	0.8	0.01	-10
851	0.3	0.8	0.01	-10
852	0.3	0.8	0.01	185
853	0.3	0.8	0.01	2035
854	0.3	0.8	0.01	385
855	0.3	0.8	0.01	610
856	0.3	0.8	0.01	-10
857	0.3	0.8	0.01	2055
858	0.3	0.8	0.01	-10
859	0.3	0.8	0.01	1040
860	0.3	0.8	0.01	685
861	0.3	0.8	0.01	550
862	0.3	0.8	0.01	1460
863	0.3	0.8	0.01	935
864	0.3	0.8	0.01	530
865	0.3	0.8	0.01	515
866	0.3	0.8	0.01	-10
867	0.3	0.8	0.01	1290
868	0.3	0.8	0.01	1355
869	0.3	0.8	0.01	915
870	0.3	0.8	0.01	915
871	0.3	0.8	0.01	840
872	0.3	0.8	0.01	270
873	0.3	0.8	0.01	245
874	0.3	0.8	0.01	955
875	0.3	0.8	0.01	-10
876	0.3	0.8	0.01	540
877	0.3	0.8	0.01	735
878	0.3	0.8	0.01	140
879	0.3	0.8	0.01	220
880	0.3	0.8	0.01	1155
881	0.3	0.8	0.01	65
882	0.3	0.8	0.01	4430
883	0.3	0.8	0.01	850
884	0.3	0.8	0.01	4070
885	0.3	0.8	0.01	1925
886	0.3	0.8	0.01	765
887	0.3	0.8	0.01	885
888	0.3	0.8	0.01	1570
889	0.3	0.8	0.01	320
890	0.3	0.8	0.01	210
891	0.3	0.8	0.01	270
892	0.3	0.8	0.01	700
893	0.3	0.8	0.01	1210
894	0.3	0.8	0.01	260
895	0.3	0.8	0.01	850
896	0.3	0.8	0.01	1755
897	0.3	0.8	0.01	-10
898	0.3	0.8	0.01	2500
899	0.3	0.8	0.01	-10
900	0.3	0.8	0.01	-10
901	0.3	0.8	0.01	3930
902	0.3	0.8	0.01	240
903	0.3	0.8	0.01	175
904	0.3	0.8	0.01	745
905	0.3	0.8	0.01	1485
906	0.3	0.8	0.01	2840
907	0.3	0.8	0.01	790
908	0.3	0.8	0.01	3290
909	0.3	0.8	0.01	830
910	0.3	0.8	0.01	170
911	0.3	0.8	0.01	710
912	0.3	0.8	0.01	420
913	0.3	0.8	0.01	475
914	0.3	0.8	0.01	1090
915	0.3	0.8	0.01	1400
916	0.3	0.8	0.01	-35
917	0.3	0.8	0.01	1425
918	0.3	0.8	0.01	-10
919	0.3	0.8	0.01	-10
920	0.3	0.8	0.01	175
921	0.3	0.8	0.01	320
922	0.3	0.8	0.01	490
923	0.3	0.8	0.01	-10
924	0.3	0.8	0.01	240
925	0.3	0.8	0.01	-10
926	0.3	0.8	0.01	-10
927	0.3	0.8	0.01	230
928	0.3	0.8	0.01	165
929	0.3	0.8	0.01	500
930	0.3	0.8	0.01	-10
931	0.3	0.8	0.01	485
932	0.3	0.8	0.01	200
933	0.3	0.8	0.01	625
934	0.3	0.8	0.01	145
935	0.3	0.8	0.01	-10
936	0.3	0.8	0.01	1065
937	0.3	0.8	0.01	-10
938	0.3	0.8	0.01	-10
939	0.3	0.8	0.01	260
940	0.3	0.8	0.01	420
941	0.3	0.8	0.01	-10
942	0.3	0.8	0.01	-10
943	0.3	0.8	0.01	1490
944	0.3	0.8	0.01	130
945	0.3	0.8	0.01	-10
946	0.3	0.8	0.01	1225
947	0.3	0.8	0.01	1015
948	0.3	0.8	0.01	-10
949	0.3	0.8	0.01	-10
950	0.3	0.8	0.01	-10
951	0.3	0.8	0.01	150
952	0.3	0.8	0.01	1770
953	0.3	0.8	0.01	-10
954	0.3	0.8	0.01	85
955	0.3	0.8	0.01	-10
956	0.3	0.8	0.01	1690
957	0.3	0.8	0.01	110
958	0.3	0.8	0.01	-10
959	0.3	0.8	0.01	-10
960	0.3	0.8	0.01	-10
961	0.3	0.8	0.01	505
962	0.3	0.8	0.01	-10
963	0.3	0.8	0.01	-10
964	0.3	0.8	0.01	-10
965	0.3	0.8	0.01	725
966	0.3	0.8	0.01	-10
967	0.3	0.8	0.01	-10
968	0.3	0.8	0.01	2025
969	0.3	0.8	0.01	280
970	0.3	0.8	0.01	665
971	0.3	0.8	0.01	-10
972	0.3	0.8	0.01	-10
973	0.3	0.8	0.01	-10
974	0.3	0.8	0.01	-10
975	0.3	0.8	0.01	2240
976	0.3	0.8	0.01	-10
977	0.3	0.8	0.01	-10
978	0.3	0.8	0.01	-10
979	0.3	0.8	0.01	-10
980	0.3	0.8	0.01	-10
981	0.3	0.8	0.01	-10
982	0.3	0.8	0.01	660
983	0.3	0.8	0.01	3125
984	0.3	0.8	0.01	-10
985	0.3	0.8	0.01	-10
986	0.3	0.8	0.01	-10
987	0.3	0.8	0.01	-10
988	0.3	0.8	0.01	-10
989	0.3	0.8	0.01	-10
990	0.3	0.8	0.01	-10
991	0.3	0.8	0.01	310
992	0.3	0.8	0.01	-10
993	0.3	0.8	0.01	-10
994	0.3	0.8	0.01	2270
995	0.3	0.8	0.01	85
996	0.3	0.8	0.01	230
997	0.3	0.8	0.01	-10
998	0.3	0.8	0.01	-10
999	0.3	0.8	0.01	-10
1000	0.3	0.8	0.01	-10
