Episode Alpha Gamma Epsilon TotalReward
1	0.1	0.9	0.8901493517965845	-40
2	0.1	0.9	0.889259202444788	-10
3	0.1	0.9	0.8733878705367771	65
4	0.1	0.9	0.8586584656575621	30
5	0.1	0.9	0.8249734749999046	175
6	0.1	0.9	0.8241485015249047	-10
7	0.1	0.9	0.7815852400614219	170
8	0.1	0.9	0.7622782968315182	320
9	0.1	0.9	0.741962126151907	140
10	0.1	0.9	0.7135686769779366	305
11	0.1	0.9	0.6945507105825058	140
12	0.1	0.9	0.6828373367535008	130
13	0.1	0.9	0.6753635696595942	120
14	0.1	0.9	0.6746882060899346	-10
15	0.1	0.9	0.6462776129689248	180
16	0.1	0.9	0.645631335355956	-10
17	0.1	0.9	0.6019615839425686	510
18	0.1	0.9	0.5935886817588552	-35
19	0.1	0.9	0.5929950930770963	-10
20	0.1	0.9	0.5924020979840192	-10
21	0.1	0.9	0.5777684111015055	50
22	0.1	0.9	0.577190642690404	-10
23	0.1	0.9	0.5766134520477136	-10
24	0.1	0.9	0.5657558408489367	185
25	0.1	0.9	0.5651900850080878	-10
26	0.1	0.9	0.5534390348091489	30
27	0.1	0.9	0.5528855957743397	-10
28	0.1	0.9	0.5523327101785653	-10
29	0.1	0.9	0.5435613584374495	260
30	0.1	0.9	0.543017797079012	-10
31	0.1	0.9	0.542474779281933	-10
32	0.1	0.9	0.5007472926015089	600
33	0.1	0.9	0.5002465453089073	-10
34	0.1	0.9	0.4898457572878529	275
35	0.1	0.9	0.48935591153056507	-10
36	0.1	0.9	0.4825492825204017	165
37	0.1	0.9	0.47774544660821106	45
38	0.1	0.9	0.47726770116160283	-10
39	0.1	0.9	0.4706292114574938	85
40	0.1	0.9	0.4701585822460363	-10
41	0.1	0.9	0.4567131608969591	50
42	0.1	0.9	0.45625644773606217	-10
43	0.1	0.9	0.4558001912883261	-10
44	0.1	0.9	0.4436522467377551	220
45	0.1	0.9	0.44320859449101735	-10
46	0.1	0.9	0.41447265642883835	585
47	0.1	0.9	0.40181488378145575	405
48	0.1	0.9	0.3891541290496913	300
49	0.1	0.9	0.3848947730250524	20
50	0.1	0.9	0.34581932079006295	1080
51	0.1	0.9	0.3406681851301106	330
52	0.1	0.9	0.3403275169449805	-10
53	0.1	0.9	0.3382906499546174	-35
54	0.1	0.9	0.32275125604036786	405
55	0.1	0.9	0.3110219253023052	335
56	0.1	0.9	0.2940751627797954	295
57	0.1	0.9	0.2937810876170156	-10
58	0.1	0.9	0.28310458217588175	315
59	0.1	0.9	0.28282147759370585	-10
60	0.1	0.9	0.2493238952555157	1865
61	0.1	0.9	0.2456101027328921	245
62	0.1	0.9	0.24536449263015922	-10
63	0.1	0.9	0.23930342841472915	400
64	0.1	0.9	0.23362571206157806	175
65	0.1	0.9	0.23106864017181025	40
66	0.1	0.9	0.23083757153163845	-10
67	0.1	0.9	0.22378791589428754	265
68	0.1	0.9	0.22356412797839326	-10
69	0.1	0.9	0.2132947012288867	575
70	0.1	0.9	0.20288712027352135	430
71	0.1	0.9	0.20268423315324782	-10
72	0.1	0.9	0.19827168942532844	370
73	0.1	0.9	0.19669105642788307	-45
74	0.1	0.9	0.1929873706928615	125
75	0.1	0.9	0.19279438332216864	-10
76	0.1	0.9	0.19260158893884646	-10
77	0.1	0.9	0.18156146192743983	820
78	0.1	0.9	0.1730482078164869	340
79	0.1	0.9	0.16675934100304604	210
80	0.1	0.9	0.166592581662043	-10
81	0.1	0.9	0.16411110958546163	160
82	0.1	0.9	0.15814703215402454	355
83	0.1	0.9	0.1579888851218705	-10
84	0.1	0.9	0.15424043871383178	305
85	0.1	0.9	0.15012963680377706	595
86	0.1	0.9	0.14997950716697328	-10
87	0.1	0.9	0.14774549437131784	225
88	0.1	0.9	0.14337680301152073	330
89	0.1	0.9	0.1432334262085092	-10
90	0.1	0.9	0.1430901927823007	-10
91	0.1	0.9	0.14081784065021002	300
92	0.1	0.9	0.1361081967143226	580
93	0.1	0.9	0.1340808033804129	140
94	0.1	0.9	0.13394672257703247	-10
95	0.1	0.9	0.1292080784597783	365
96	0.1	0.9	0.12488672229939424	350
97	0.1	0.9	0.12034812595553068	480
98	0.1	0.9	0.12022777782957515	-10
99	0.1	0.9	0.11950821217651228	-35
100	0.1	0.9	0.11401859788995827	1045
101	0.1	0.9	0.11390457929206832	-10
102	0.1	0.9	0.11254521704008198	75
103	0.1	0.9	0.1124326718230419	-10
104	0.1	0.9	0.11131339110670542	25
105	0.1	0.9	0.10954567232253694	385
106	0.1	0.9	0.10845513203206243	170
107	0.1	0.9	0.10482785687621443	535
108	0.1	0.9	0.10081629844038444	550
109	0.1	0.9	0.09971284745248805	270
110	0.1	0.9	0.09872019411147143	210
111	0.1	0.9	0.09862147391735995	-10
112	0.1	0.9	0.09390320425553506	970
113	0.1	0.9	0.08746414920868135	1535
114	0.1	0.9	0.08607516969812734	115
115	0.1	0.9	0.08453891616984052	5
116	0.1	0.9	0.08220350700056535	325
117	0.1	0.9	0.07866323957742809	960
118	0.1	0.9	0.07371036514776484	925
119	0.1	0.9	0.07283068947023941	220
120	0.1	0.9	0.0708187230564317	385
121	0.1	0.9	0.07074790433337527	-10
122	0.1	0.9	0.07067715642904189	-10
123	0.1	0.9	0.06797247895549405	720
124	0.1	0.9	0.06569914361785618	660
125	0.1	0.9	0.06563344447423833	-10
126	0.1	0.9	0.06331152476191303	320
127	0.1	0.9	0.06324821323715112	-10
128	0.1	0.9	0.06249339517702988	180
129	0.1	0.9	0.061624151858347694	190
130	0.1	0.9	0.060463771227344025	390
131	0.1	0.9	0.05986184714180543	5
132	0.1	0.9	0.05980198529466363	-10
133	0.1	0.9	0.057283770426374045	735
134	0.1	0.9	0.05570129162530168	615
135	0.1	0.9	0.05498150364410495	-70
136	0.1	0.9	0.05492652214046084	-10
137	0.1	0.9	0.05389225764353614	60
138	0.1	0.9	0.05039809124666356	1495
139	0.1	0.9	0.050347693155416894	-10
140	0.1	0.9	0.049498595541129176	235
141	0.1	0.9	0.048179363549880595	635
142	0.1	0.9	0.047083342666570535	325
143	0.1	0.9	0.046289297270936065	170
144	0.1	0.9	0.043723348712683685	1130
145	0.1	0.9	0.043244789461079354	205
146	0.1	0.9	0.043201544671618276	-10
147	0.1	0.9	0.04196608286580374	475
148	0.1	0.9	0.04192411678293794	-10
149	0.1	0.9	0.04105245888601035	380
150	0.1	0.9	0.03960014270345398	485
151	0.1	0.9	0.03766787861693102	1070
152	0.1	0.9	0.037218341885199076	120
153	0.1	0.9	0.037181123543313876	-10
154	0.1	0.9	0.03666395779916493	210
155	0.1	0.9	0.03572251590210393	170
156	0.1	0.9	0.03480524795948606	475
157	0.1	0.9	0.03432112913127777	130
158	0.1	0.9	0.030560341393169564	2120
159	0.1	0.9	0.030529781051776395	-10
160	0.1	0.9	0.030499251270724618	-10
161	0.1	0.9	0.030165431943240752	165
162	0.1	0.9	0.029361465640473868	245
163	0.1	0.9	0.029332104174833395	-10
164	0.1	0.9	0.029302772070658564	-10
165	0.1	0.9	0.029127394394199594	-35
166	0.1	0.9	0.029098266999805396	-10
167	0.1	0.9	0.02906916873280559	-10
168	0.1	0.9	0.028493275501746913	425
169	0.1	0.9	0.026994714676337524	845
170	0.1	0.9	0.026967719961661186	-10
171	0.1	0.9	0.026222729804153397	345
172	0.1	0.9	0.02588387220863895	115
173	0.1	0.9	0.025703227759464722	235
174	0.1	0.9	0.02501818770998577	595
175	0.1	0.9	0.024793922576974835	265
176	0.1	0.9	0.02374986987255517	800
177	0.1	0.9	0.023047609192796133	600
178	0.1	0.9	0.022010927312380666	965
179	0.1	0.9	0.02070775992681198	1220
180	0.1	0.9	0.019935249432365052	640
181	0.1	0.9	0.019915314182932686	-10
182	0.1	0.9	0.019559869380584106	235
183	0.1	0.9	0.018457134091092776	885
184	0.1	0.9	0.018438676957001684	-10
185	0.1	0.9	0.01821862573880046	-65
186	0.1	0.9	0.017399151621919445	720
187	0.1	0.9	0.01715714050610075	230
188	0.1	0.9	0.01669986998384547	555
189	0.1	0.9	0.016683170113861626	-10
190	0.1	0.9	0.01504956217336929	1985
191	0.1	0.9	0.01503451261119592	-10
192	0.1	0.9	0.015019478098584725	-10
193	0.1	0.9	0.01475141326289635	415
194	0.1	0.9	0.014575366658996306	100
195	0.1	0.9	0.014387019612876546	320
196	0.1	0.9	0.014017595692207811	415
197	0.1	0.9	0.013440766458165845	850
198	0.1	0.9	0.013004245103735506	525
199	0.1	0.9	0.011225660811997464	2810
200	0.1	0.9	0.011003267728273189	385
201	0.1	0.9	0.010992264460544916	-10
202	0.1	0.9	0.010981272196084371	-10
203	0.1	0.9	0.010817701165201359	370
204	0.1	0.9	0.010806883464036156	-10
205	0.1	0.9	0.010331120770163306	790
206	0.1	0.9	0.01022827322532877	170
207	0.1	0.9	0.010218044952103442	-10
208	0.1	0.9	0.01	295
209	0.1	0.9	0.01	1615
210	0.1	0.9	0.01	325
211	0.1	0.9	0.01	1250
212	0.1	0.9	0.01	10
213	0.1	0.9	0.01	710
214	0.1	0.9	0.01	410
215	0.1	0.9	0.01	-10
216	0.1	0.9	0.01	-10
217	0.1	0.9	0.01	350
218	0.1	0.9	0.01	900
219	0.1	0.9	0.01	2465
220	0.1	0.9	0.01	-10
221	0.1	0.9	0.01	-10
222	0.1	0.9	0.01	-10
223	0.1	0.9	0.01	-10
224	0.1	0.9	0.01	1900
225	0.1	0.9	0.01	-10
226	0.1	0.9	0.01	260
227	0.1	0.9	0.01	-10
228	0.1	0.9	0.01	-10
229	0.1	0.9	0.01	545
230	0.1	0.9	0.01	1400
231	0.1	0.9	0.01	235
232	0.1	0.9	0.01	-10
233	0.1	0.9	0.01	-10
234	0.1	0.9	0.01	-10
235	0.1	0.9	0.01	-10
236	0.1	0.9	0.01	-10
237	0.1	0.9	0.01	330
238	0.1	0.9	0.01	1390
239	0.1	0.9	0.01	1090
240	0.1	0.9	0.01	-10
241	0.1	0.9	0.01	900
242	0.1	0.9	0.01	-10
243	0.1	0.9	0.01	1475
244	0.1	0.9	0.01	450
245	0.1	0.9	0.01	230
246	0.1	0.9	0.01	530
247	0.1	0.9	0.01	155
248	0.1	0.9	0.01	1910
249	0.1	0.9	0.01	1265
250	0.1	0.9	0.01	-10
251	0.1	0.9	0.01	545
252	0.1	0.9	0.01	505
253	0.1	0.9	0.01	-10
254	0.1	0.9	0.01	270
255	0.1	0.9	0.01	580
256	0.1	0.9	0.01	-10
257	0.1	0.9	0.01	655
258	0.1	0.9	0.01	-10
259	0.1	0.9	0.01	925
260	0.1	0.9	0.01	-10
261	0.1	0.9	0.01	845
262	0.1	0.9	0.01	415
263	0.1	0.9	0.01	-10
264	0.1	0.9	0.01	335
265	0.1	0.9	0.01	-10
266	0.1	0.9	0.01	-10
267	0.1	0.9	0.01	385
268	0.1	0.9	0.01	440
269	0.1	0.9	0.01	-10
270	0.1	0.9	0.01	785
271	0.1	0.9	0.01	-10
272	0.1	0.9	0.01	195
273	0.1	0.9	0.01	-10
274	0.1	0.9	0.01	-10
275	0.1	0.9	0.01	520
276	0.1	0.9	0.01	140
277	0.1	0.9	0.01	215
278	0.1	0.9	0.01	-10
279	0.1	0.9	0.01	440
280	0.1	0.9	0.01	45
281	0.1	0.9	0.01	235
282	0.1	0.9	0.01	310
283	0.1	0.9	0.01	470
284	0.1	0.9	0.01	550
285	0.1	0.9	0.01	850
286	0.1	0.9	0.01	165
287	0.1	0.9	0.01	415
288	0.1	0.9	0.01	-10
289	0.1	0.9	0.01	270
290	0.1	0.9	0.01	1415
291	0.1	0.9	0.01	655
292	0.1	0.9	0.01	2030
293	0.1	0.9	0.01	955
294	0.1	0.9	0.01	210
295	0.1	0.9	0.01	85
296	0.1	0.9	0.01	915
297	0.1	0.9	0.01	1130
298	0.1	0.9	0.01	95
299	0.1	0.9	0.01	415
300	0.1	0.9	0.01	185
301	0.1	0.9	0.01	800
302	0.1	0.9	0.01	390
303	0.1	0.9	0.01	-10
304	0.1	0.9	0.01	670
305	0.1	0.9	0.01	1505
306	0.1	0.9	0.01	795
307	0.1	0.9	0.01	-10
308	0.1	0.9	0.01	1100
309	0.1	0.9	0.01	845
310	0.1	0.9	0.01	570
311	0.1	0.9	0.01	-10
312	0.1	0.9	0.01	-10
313	0.1	0.9	0.01	1280
314	0.1	0.9	0.01	175
315	0.1	0.9	0.01	90
316	0.1	0.9	0.01	2120
317	0.1	0.9	0.01	640
318	0.1	0.9	0.01	370
319	0.1	0.9	0.01	1750
320	0.1	0.9	0.01	1060
321	0.1	0.9	0.01	335
322	0.1	0.9	0.01	115
323	0.1	0.9	0.01	390
324	0.1	0.9	0.01	540
325	0.1	0.9	0.01	-10
326	0.1	0.9	0.01	255
327	0.1	0.9	0.01	970
328	0.1	0.9	0.01	-10
329	0.1	0.9	0.01	340
330	0.1	0.9	0.01	125
331	0.1	0.9	0.01	530
332	0.1	0.9	0.01	385
333	0.1	0.9	0.01	600
334	0.1	0.9	0.01	555
335	0.1	0.9	0.01	530
336	0.1	0.9	0.01	1235
337	0.1	0.9	0.01	190
338	0.1	0.9	0.01	-10
339	0.1	0.9	0.01	-10
340	0.1	0.9	0.01	1585
341	0.1	0.9	0.01	1860
342	0.1	0.9	0.01	270
343	0.1	0.9	0.01	1080
344	0.1	0.9	0.01	395
345	0.1	0.9	0.01	120
346	0.1	0.9	0.01	405
347	0.1	0.9	0.01	70
348	0.1	0.9	0.01	-10
349	0.1	0.9	0.01	1860
350	0.1	0.9	0.01	560
351	0.1	0.9	0.01	770
352	0.1	0.9	0.01	65
353	0.1	0.9	0.01	270
354	0.1	0.9	0.01	100
355	0.1	0.9	0.01	1495
356	0.1	0.9	0.01	425
357	0.1	0.9	0.01	515
358	0.1	0.9	0.01	375
359	0.1	0.9	0.01	320
360	0.1	0.9	0.01	-10
361	0.1	0.9	0.01	195
362	0.1	0.9	0.01	25
363	0.1	0.9	0.01	-10
364	0.1	0.9	0.01	155
365	0.1	0.9	0.01	-10
366	0.1	0.9	0.01	550
367	0.1	0.9	0.01	1625
368	0.1	0.9	0.01	2495
369	0.1	0.9	0.01	-10
370	0.1	0.9	0.01	940
371	0.1	0.9	0.01	-10
372	0.1	0.9	0.01	555
373	0.1	0.9	0.01	460
374	0.1	0.9	0.01	165
375	0.1	0.9	0.01	-10
376	0.1	0.9	0.01	155
377	0.1	0.9	0.01	180
378	0.1	0.9	0.01	200
379	0.1	0.9	0.01	195
380	0.1	0.9	0.01	-10
381	0.1	0.9	0.01	715
382	0.1	0.9	0.01	680
383	0.1	0.9	0.01	470
384	0.1	0.9	0.01	-10
385	0.1	0.9	0.01	330
386	0.1	0.9	0.01	270
387	0.1	0.9	0.01	-45
388	0.1	0.9	0.01	1010
389	0.1	0.9	0.01	-10
390	0.1	0.9	0.01	150
391	0.1	0.9	0.01	-10
392	0.1	0.9	0.01	505
393	0.1	0.9	0.01	-10
394	0.1	0.9	0.01	290
395	0.1	0.9	0.01	520
396	0.1	0.9	0.01	1085
397	0.1	0.9	0.01	735
398	0.1	0.9	0.01	330
399	0.1	0.9	0.01	-10
400	0.1	0.9	0.01	255
401	0.1	0.9	0.01	-10
402	0.1	0.9	0.01	370
403	0.1	0.9	0.01	-10
404	0.1	0.9	0.01	355
405	0.1	0.9	0.01	825
406	0.1	0.9	0.01	705
407	0.1	0.9	0.01	1375
408	0.1	0.9	0.01	425
409	0.1	0.9	0.01	435
410	0.1	0.9	0.01	380
411	0.1	0.9	0.01	855
412	0.1	0.9	0.01	470
413	0.1	0.9	0.01	-10
414	0.1	0.9	0.01	225
415	0.1	0.9	0.01	1150
416	0.1	0.9	0.01	-20
417	0.1	0.9	0.01	1140
418	0.1	0.9	0.01	565
419	0.1	0.9	0.01	1145
420	0.1	0.9	0.01	-10
421	0.1	0.9	0.01	-10
422	0.1	0.9	0.01	430
423	0.1	0.9	0.01	695
424	0.1	0.9	0.01	-10
425	0.1	0.9	0.01	450
426	0.1	0.9	0.01	-10
427	0.1	0.9	0.01	830
428	0.1	0.9	0.01	300
429	0.1	0.9	0.01	520
430	0.1	0.9	0.01	-10
431	0.1	0.9	0.01	380
432	0.1	0.9	0.01	560
433	0.1	0.9	0.01	1005
434	0.1	0.9	0.01	470
435	0.1	0.9	0.01	-10
436	0.1	0.9	0.01	180
437	0.1	0.9	0.01	-10
438	0.1	0.9	0.01	195
439	0.1	0.9	0.01	270
440	0.1	0.9	0.01	550
441	0.1	0.9	0.01	165
442	0.1	0.9	0.01	-10
443	0.1	0.9	0.01	320
444	0.1	0.9	0.01	345
445	0.1	0.9	0.01	935
446	0.1	0.9	0.01	910
447	0.1	0.9	0.01	-10
448	0.1	0.9	0.01	625
449	0.1	0.9	0.01	-10
450	0.1	0.9	0.01	490
451	0.1	0.9	0.01	-10
452	0.1	0.9	0.01	400
453	0.1	0.9	0.01	70
454	0.1	0.9	0.01	-10
455	0.1	0.9	0.01	370
456	0.1	0.9	0.01	315
457	0.1	0.9	0.01	-10
458	0.1	0.9	0.01	1630
459	0.1	0.9	0.01	635
460	0.1	0.9	0.01	255
461	0.1	0.9	0.01	400
462	0.1	0.9	0.01	-10
463	0.1	0.9	0.01	335
464	0.1	0.9	0.01	400
465	0.1	0.9	0.01	570
466	0.1	0.9	0.01	555
467	0.1	0.9	0.01	370
468	0.1	0.9	0.01	-10
469	0.1	0.9	0.01	325
470	0.1	0.9	0.01	870
471	0.1	0.9	0.01	750
472	0.1	0.9	0.01	435
473	0.1	0.9	0.01	780
474	0.1	0.9	0.01	885
475	0.1	0.9	0.01	130
476	0.1	0.9	0.01	340
477	0.1	0.9	0.01	200
478	0.1	0.9	0.01	1010
479	0.1	0.9	0.01	-10
480	0.1	0.9	0.01	420
481	0.1	0.9	0.01	310
482	0.1	0.9	0.01	440
483	0.1	0.9	0.01	230
484	0.1	0.9	0.01	340
485	0.1	0.9	0.01	-10
486	0.1	0.9	0.01	705
487	0.1	0.9	0.01	140
488	0.1	0.9	0.01	785
489	0.1	0.9	0.01	125
490	0.1	0.9	0.01	480
491	0.1	0.9	0.01	660
492	0.1	0.9	0.01	1045
493	0.1	0.9	0.01	1030
494	0.1	0.9	0.01	575
495	0.1	0.9	0.01	225
496	0.1	0.9	0.01	-10
497	0.1	0.9	0.01	615
498	0.1	0.9	0.01	-10
499	0.1	0.9	0.01	360
500	0.1	0.9	0.01	395
501	0.1	0.9	0.01	-10
502	0.1	0.9	0.01	370
503	0.1	0.9	0.01	-10
504	0.1	0.9	0.01	545
505	0.1	0.9	0.01	120
506	0.1	0.9	0.01	310
507	0.1	0.9	0.01	-10
508	0.1	0.9	0.01	190
509	0.1	0.9	0.01	585
510	0.1	0.9	0.01	995
511	0.1	0.9	0.01	480
512	0.1	0.9	0.01	-10
513	0.1	0.9	0.01	-10
514	0.1	0.9	0.01	85
515	0.1	0.9	0.01	-40
516	0.1	0.9	0.01	155
517	0.1	0.9	0.01	400
518	0.1	0.9	0.01	230
519	0.1	0.9	0.01	-10
520	0.1	0.9	0.01	-10
521	0.1	0.9	0.01	235
522	0.1	0.9	0.01	1175
523	0.1	0.9	0.01	285
524	0.1	0.9	0.01	-15
525	0.1	0.9	0.01	535
526	0.1	0.9	0.01	600
527	0.1	0.9	0.01	610
528	0.1	0.9	0.01	1060
529	0.1	0.9	0.01	-10
530	0.1	0.9	0.01	190
531	0.1	0.9	0.01	-10
532	0.1	0.9	0.01	720
533	0.1	0.9	0.01	530
534	0.1	0.9	0.01	420
535	0.1	0.9	0.01	620
536	0.1	0.9	0.01	-10
537	0.1	0.9	0.01	500
538	0.1	0.9	0.01	330
539	0.1	0.9	0.01	175
540	0.1	0.9	0.01	225
541	0.1	0.9	0.01	-10
542	0.1	0.9	0.01	250
543	0.1	0.9	0.01	270
544	0.1	0.9	0.01	130
545	0.1	0.9	0.01	205
546	0.1	0.9	0.01	2385
547	0.1	0.9	0.01	580
548	0.1	0.9	0.01	160
549	0.1	0.9	0.01	1880
550	0.1	0.9	0.01	95
551	0.1	0.9	0.01	-10
552	0.1	0.9	0.01	590
553	0.1	0.9	0.01	590
554	0.1	0.9	0.01	355
555	0.1	0.9	0.01	-40
556	0.1	0.9	0.01	1585
557	0.1	0.9	0.01	1030
558	0.1	0.9	0.01	-10
559	0.1	0.9	0.01	-10
560	0.1	0.9	0.01	-30
561	0.1	0.9	0.01	555
562	0.1	0.9	0.01	1645
563	0.1	0.9	0.01	150
564	0.1	0.9	0.01	270
565	0.1	0.9	0.01	1240
566	0.1	0.9	0.01	745
567	0.1	0.9	0.01	765
568	0.1	0.9	0.01	-10
569	0.1	0.9	0.01	115
570	0.1	0.9	0.01	750
571	0.1	0.9	0.01	-10
572	0.1	0.9	0.01	340
573	0.1	0.9	0.01	255
574	0.1	0.9	0.01	640
575	0.1	0.9	0.01	-10
576	0.1	0.9	0.01	-10
577	0.1	0.9	0.01	440
578	0.1	0.9	0.01	-10
579	0.1	0.9	0.01	110
580	0.1	0.9	0.01	210
581	0.1	0.9	0.01	2105
582	0.1	0.9	0.01	690
583	0.1	0.9	0.01	175
584	0.1	0.9	0.01	355
585	0.1	0.9	0.01	1000
586	0.1	0.9	0.01	1540
587	0.1	0.9	0.01	255
588	0.1	0.9	0.01	1435
589	0.1	0.9	0.01	495
590	0.1	0.9	0.01	-10
591	0.1	0.9	0.01	225
592	0.1	0.9	0.01	105
593	0.1	0.9	0.01	-10
594	0.1	0.9	0.01	-10
595	0.1	0.9	0.01	155
596	0.1	0.9	0.01	90
597	0.1	0.9	0.01	-10
598	0.1	0.9	0.01	-10
599	0.1	0.9	0.01	195
600	0.1	0.9	0.01	30
601	0.1	0.9	0.01	1455
602	0.1	0.9	0.01	70
603	0.1	0.9	0.01	1335
604	0.1	0.9	0.01	550
605	0.1	0.9	0.01	-10
606	0.1	0.9	0.01	-10
607	0.1	0.9	0.01	90
608	0.1	0.9	0.01	190
609	0.1	0.9	0.01	585
610	0.1	0.9	0.01	195
611	0.1	0.9	0.01	380
612	0.1	0.9	0.01	-10
613	0.1	0.9	0.01	1515
614	0.1	0.9	0.01	365
615	0.1	0.9	0.01	555
616	0.1	0.9	0.01	1215
617	0.1	0.9	0.01	-10
618	0.1	0.9	0.01	485
619	0.1	0.9	0.01	250
620	0.1	0.9	0.01	95
621	0.1	0.9	0.01	370
622	0.1	0.9	0.01	925
623	0.1	0.9	0.01	565
624	0.1	0.9	0.01	910
625	0.1	0.9	0.01	500
626	0.1	0.9	0.01	1350
627	0.1	0.9	0.01	-10
628	0.1	0.9	0.01	-10
629	0.1	0.9	0.01	1245
630	0.1	0.9	0.01	380
631	0.1	0.9	0.01	430
632	0.1	0.9	0.01	1840
633	0.1	0.9	0.01	165
634	0.1	0.9	0.01	-10
635	0.1	0.9	0.01	-10
636	0.1	0.9	0.01	210
637	0.1	0.9	0.01	2210
638	0.1	0.9	0.01	75
639	0.1	0.9	0.01	510
640	0.1	0.9	0.01	600
641	0.1	0.9	0.01	275
642	0.1	0.9	0.01	255
643	0.1	0.9	0.01	455
644	0.1	0.9	0.01	365
645	0.1	0.9	0.01	-10
646	0.1	0.9	0.01	515
647	0.1	0.9	0.01	535
648	0.1	0.9	0.01	285
649	0.1	0.9	0.01	-10
650	0.1	0.9	0.01	1195
651	0.1	0.9	0.01	465
652	0.1	0.9	0.01	760
653	0.1	0.9	0.01	635
654	0.1	0.9	0.01	415
655	0.1	0.9	0.01	285
656	0.1	0.9	0.01	710
657	0.1	0.9	0.01	65
658	0.1	0.9	0.01	475
659	0.1	0.9	0.01	520
660	0.1	0.9	0.01	270
661	0.1	0.9	0.01	650
662	0.1	0.9	0.01	120
663	0.1	0.9	0.01	635
664	0.1	0.9	0.01	-10
665	0.1	0.9	0.01	-5
666	0.1	0.9	0.01	455
667	0.1	0.9	0.01	565
668	0.1	0.9	0.01	310
669	0.1	0.9	0.01	660
670	0.1	0.9	0.01	135
671	0.1	0.9	0.01	295
672	0.1	0.9	0.01	645
673	0.1	0.9	0.01	1625
674	0.1	0.9	0.01	-10
675	0.1	0.9	0.01	230
676	0.1	0.9	0.01	320
677	0.1	0.9	0.01	395
678	0.1	0.9	0.01	-10
679	0.1	0.9	0.01	910
680	0.1	0.9	0.01	1375
681	0.1	0.9	0.01	555
682	0.1	0.9	0.01	570
683	0.1	0.9	0.01	-10
684	0.1	0.9	0.01	880
685	0.1	0.9	0.01	375
686	0.1	0.9	0.01	-10
687	0.1	0.9	0.01	-10
688	0.1	0.9	0.01	350
689	0.1	0.9	0.01	1140
690	0.1	0.9	0.01	310
691	0.1	0.9	0.01	210
692	0.1	0.9	0.01	-10
693	0.1	0.9	0.01	165
694	0.1	0.9	0.01	325
695	0.1	0.9	0.01	-10
696	0.1	0.9	0.01	325
697	0.1	0.9	0.01	220
698	0.1	0.9	0.01	340
699	0.1	0.9	0.01	-10
700	0.1	0.9	0.01	645
701	0.1	0.9	0.01	370
702	0.1	0.9	0.01	410
703	0.1	0.9	0.01	450
704	0.1	0.9	0.01	515
705	0.1	0.9	0.01	-10
706	0.1	0.9	0.01	725
707	0.1	0.9	0.01	235
708	0.1	0.9	0.01	1010
709	0.1	0.9	0.01	-60
710	0.1	0.9	0.01	-10
711	0.1	0.9	0.01	225
712	0.1	0.9	0.01	-10
713	0.1	0.9	0.01	215
714	0.1	0.9	0.01	-10
715	0.1	0.9	0.01	615
716	0.1	0.9	0.01	-10
717	0.1	0.9	0.01	225
718	0.1	0.9	0.01	590
719	0.1	0.9	0.01	1030
720	0.1	0.9	0.01	300
721	0.1	0.9	0.01	-10
722	0.1	0.9	0.01	-10
723	0.1	0.9	0.01	-10
724	0.1	0.9	0.01	170
725	0.1	0.9	0.01	-10
726	0.1	0.9	0.01	1550
727	0.1	0.9	0.01	-10
728	0.1	0.9	0.01	-10
729	0.1	0.9	0.01	-10
730	0.1	0.9	0.01	575
731	0.1	0.9	0.01	-10
732	0.1	0.9	0.01	-10
733	0.1	0.9	0.01	170
734	0.1	0.9	0.01	230
735	0.1	0.9	0.01	235
736	0.1	0.9	0.01	460
737	0.1	0.9	0.01	25
738	0.1	0.9	0.01	255
739	0.1	0.9	0.01	195
740	0.1	0.9	0.01	105
741	0.1	0.9	0.01	495
742	0.1	0.9	0.01	335
743	0.1	0.9	0.01	425
744	0.1	0.9	0.01	255
745	0.1	0.9	0.01	260
746	0.1	0.9	0.01	85
747	0.1	0.9	0.01	285
748	0.1	0.9	0.01	325
749	0.1	0.9	0.01	-10
750	0.1	0.9	0.01	455
751	0.1	0.9	0.01	1070
752	0.1	0.9	0.01	-10
753	0.1	0.9	0.01	775
754	0.1	0.9	0.01	630
755	0.1	0.9	0.01	-10
756	0.1	0.9	0.01	110
757	0.1	0.9	0.01	-10
758	0.1	0.9	0.01	-10
759	0.1	0.9	0.01	220
760	0.1	0.9	0.01	-10
761	0.1	0.9	0.01	370
762	0.1	0.9	0.01	-35
763	0.1	0.9	0.01	395
764	0.1	0.9	0.01	40
765	0.1	0.9	0.01	285
766	0.1	0.9	0.01	390
767	0.1	0.9	0.01	310
768	0.1	0.9	0.01	-10
769	0.1	0.9	0.01	175
770	0.1	0.9	0.01	245
771	0.1	0.9	0.01	290
772	0.1	0.9	0.01	730
773	0.1	0.9	0.01	105
774	0.1	0.9	0.01	545
775	0.1	0.9	0.01	935
776	0.1	0.9	0.01	325
777	0.1	0.9	0.01	-10
778	0.1	0.9	0.01	355
779	0.1	0.9	0.01	895
780	0.1	0.9	0.01	505
781	0.1	0.9	0.01	410
782	0.1	0.9	0.01	-10
783	0.1	0.9	0.01	385
784	0.1	0.9	0.01	455
785	0.1	0.9	0.01	610
786	0.1	0.9	0.01	730
787	0.1	0.9	0.01	795
788	0.1	0.9	0.01	605
789	0.1	0.9	0.01	125
790	0.1	0.9	0.01	420
791	0.1	0.9	0.01	345
792	0.1	0.9	0.01	665
793	0.1	0.9	0.01	640
794	0.1	0.9	0.01	490
795	0.1	0.9	0.01	120
796	0.1	0.9	0.01	230
797	0.1	0.9	0.01	400
798	0.1	0.9	0.01	370
799	0.1	0.9	0.01	1165
800	0.1	0.9	0.01	345
801	0.1	0.9	0.01	790
802	0.1	0.9	0.01	1030
803	0.1	0.9	0.01	855
804	0.1	0.9	0.01	-10
805	0.1	0.9	0.01	355
806	0.1	0.9	0.01	-10
807	0.1	0.9	0.01	225
808	0.1	0.9	0.01	480
809	0.1	0.9	0.01	835
810	0.1	0.9	0.01	270
811	0.1	0.9	0.01	265
812	0.1	0.9	0.01	190
813	0.1	0.9	0.01	820
814	0.1	0.9	0.01	705
815	0.1	0.9	0.01	-35
816	0.1	0.9	0.01	-10
817	0.1	0.9	0.01	385
818	0.1	0.9	0.01	125
819	0.1	0.9	0.01	320
820	0.1	0.9	0.01	245
821	0.1	0.9	0.01	-10
822	0.1	0.9	0.01	-10
823	0.1	0.9	0.01	830
824	0.1	0.9	0.01	165
825	0.1	0.9	0.01	645
826	0.1	0.9	0.01	-10
827	0.1	0.9	0.01	1745
828	0.1	0.9	0.01	435
829	0.1	0.9	0.01	1305
830	0.1	0.9	0.01	-55
831	0.1	0.9	0.01	360
832	0.1	0.9	0.01	-10
833	0.1	0.9	0.01	-35
834	0.1	0.9	0.01	85
835	0.1	0.9	0.01	-10
836	0.1	0.9	0.01	190
837	0.1	0.9	0.01	60
838	0.1	0.9	0.01	25
839	0.1	0.9	0.01	-10
840	0.1	0.9	0.01	-10
841	0.1	0.9	0.01	-20
842	0.1	0.9	0.01	-10
843	0.1	0.9	0.01	475
844	0.1	0.9	0.01	350
845	0.1	0.9	0.01	-10
846	0.1	0.9	0.01	875
847	0.1	0.9	0.01	-10
848	0.1	0.9	0.01	-10
849	0.1	0.9	0.01	250
850	0.1	0.9	0.01	-10
851	0.1	0.9	0.01	210
852	0.1	0.9	0.01	-10
853	0.1	0.9	0.01	845
854	0.1	0.9	0.01	-10
855	0.1	0.9	0.01	1070
856	0.1	0.9	0.01	175
857	0.1	0.9	0.01	910
858	0.1	0.9	0.01	495
859	0.1	0.9	0.01	-10
860	0.1	0.9	0.01	110
861	0.1	0.9	0.01	745
862	0.1	0.9	0.01	1080
863	0.1	0.9	0.01	-10
864	0.1	0.9	0.01	145
865	0.1	0.9	0.01	65
866	0.1	0.9	0.01	380
867	0.1	0.9	0.01	220
868	0.1	0.9	0.01	670
869	0.1	0.9	0.01	1065
870	0.1	0.9	0.01	170
871	0.1	0.9	0.01	315
872	0.1	0.9	0.01	-10
873	0.1	0.9	0.01	1265
874	0.1	0.9	0.01	115
875	0.1	0.9	0.01	425
876	0.1	0.9	0.01	-10
877	0.1	0.9	0.01	1890
878	0.1	0.9	0.01	1330
879	0.1	0.9	0.01	2380
880	0.1	0.9	0.01	980
881	0.1	0.9	0.01	-10
882	0.1	0.9	0.01	785
883	0.1	0.9	0.01	595
884	0.1	0.9	0.01	465
885	0.1	0.9	0.01	-10
886	0.1	0.9	0.01	130
887	0.1	0.9	0.01	700
888	0.1	0.9	0.01	560
889	0.1	0.9	0.01	150
890	0.1	0.9	0.01	-10
891	0.1	0.9	0.01	375
892	0.1	0.9	0.01	-10
893	0.1	0.9	0.01	-10
894	0.1	0.9	0.01	400
895	0.1	0.9	0.01	345
896	0.1	0.9	0.01	205
897	0.1	0.9	0.01	290
898	0.1	0.9	0.01	445
899	0.1	0.9	0.01	390
900	0.1	0.9	0.01	905
901	0.1	0.9	0.01	740
902	0.1	0.9	0.01	-10
903	0.1	0.9	0.01	980
904	0.1	0.9	0.01	345
905	0.1	0.9	0.01	250
906	0.1	0.9	0.01	445
907	0.1	0.9	0.01	560
908	0.1	0.9	0.01	685
909	0.1	0.9	0.01	155
910	0.1	0.9	0.01	-10
911	0.1	0.9	0.01	1395
912	0.1	0.9	0.01	-10
913	0.1	0.9	0.01	400
914	0.1	0.9	0.01	85
915	0.1	0.9	0.01	325
916	0.1	0.9	0.01	210
917	0.1	0.9	0.01	940
918	0.1	0.9	0.01	635
919	0.1	0.9	0.01	65
920	0.1	0.9	0.01	1070
921	0.1	0.9	0.01	610
922	0.1	0.9	0.01	255
923	0.1	0.9	0.01	190
924	0.1	0.9	0.01	295
925	0.1	0.9	0.01	-10
926	0.1	0.9	0.01	610
927	0.1	0.9	0.01	375
928	0.1	0.9	0.01	105
929	0.1	0.9	0.01	735
930	0.1	0.9	0.01	430
931	0.1	0.9	0.01	215
932	0.1	0.9	0.01	230
933	0.1	0.9	0.01	75
934	0.1	0.9	0.01	250
935	0.1	0.9	0.01	580
936	0.1	0.9	0.01	425
937	0.1	0.9	0.01	1515
938	0.1	0.9	0.01	1245
939	0.1	0.9	0.01	-10
940	0.1	0.9	0.01	-10
941	0.1	0.9	0.01	235
942	0.1	0.9	0.01	-10
943	0.1	0.9	0.01	825
944	0.1	0.9	0.01	-10
945	0.1	0.9	0.01	-10
946	0.1	0.9	0.01	275
947	0.1	0.9	0.01	-10
948	0.1	0.9	0.01	345
949	0.1	0.9	0.01	255
950	0.1	0.9	0.01	910
951	0.1	0.9	0.01	625
952	0.1	0.9	0.01	660
953	0.1	0.9	0.01	270
954	0.1	0.9	0.01	665
955	0.1	0.9	0.01	210
956	0.1	0.9	0.01	210
957	0.1	0.9	0.01	-10
958	0.1	0.9	0.01	-10
959	0.1	0.9	0.01	235
960	0.1	0.9	0.01	-10
961	0.1	0.9	0.01	885
962	0.1	0.9	0.01	210
963	0.1	0.9	0.01	270
964	0.1	0.9	0.01	370
965	0.1	0.9	0.01	915
966	0.1	0.9	0.01	-10
967	0.1	0.9	0.01	500
968	0.1	0.9	0.01	90
969	0.1	0.9	0.01	760
970	0.1	0.9	0.01	95
971	0.1	0.9	0.01	340
972	0.1	0.9	0.01	455
973	0.1	0.9	0.01	70
974	0.1	0.9	0.01	695
975	0.1	0.9	0.01	-65
976	0.1	0.9	0.01	575
977	0.1	0.9	0.01	445
978	0.1	0.9	0.01	-10
979	0.1	0.9	0.01	250
980	0.1	0.9	0.01	-10
981	0.1	0.9	0.01	2435
982	0.1	0.9	0.01	-10
983	0.1	0.9	0.01	750
984	0.1	0.9	0.01	250
985	0.1	0.9	0.01	190
986	0.1	0.9	0.01	-10
987	0.1	0.9	0.01	1590
988	0.1	0.9	0.01	1365
989	0.1	0.9	0.01	155
990	0.1	0.9	0.01	170
991	0.1	0.9	0.01	655
992	0.1	0.9	0.01	-10
993	0.1	0.9	0.01	360
994	0.1	0.9	0.01	195
995	0.1	0.9	0.01	-10
996	0.1	0.9	0.01	285
997	0.1	0.9	0.01	-10
998	0.1	0.9	0.01	-10
999	0.1	0.9	0.01	315
1000	0.1	0.9	0.01	305
