1.021649214817325060e+02 6.366017471080842682e+01 2.964055311387729219e+01 -1.306513621526607771e+01
7.402062833413029352e+01 1.115668357263199368e+02 1.297108931576304158e+01 -4.388645201569513432e+00
2.647476389123428220e+01 7.811872118067489268e+00 1.237064563829127906e+02 5.252609858323139491e+01
2.675556436479376998e+01 3.292885168895186609e+01 2.950349332564037041e+01 7.019322367392842921e+01
7.464054028187709378e+01 1.671674824633083389e+01 4.543966600904384023e+01 1.272459658646511116e+01
3.633440672894514023e+01 3.634909744484548355e+01 1.499118124627369752e+01 5.165598413293690072e+01
2.741235368382508852e+01 6.975424322040510106e+01 4.883476326442247739e+01 8.636617040048838234e+00
1.710562960984276160e+01 4.429307871638758343e+01 -6.001595670332152466e+00 3.060313123964516535e+01
-1.500000000000000000e+01 7.600085720779019027e+01 -1.800949374601552577e+01 -1.450672070846233908e+01
-3.660000000000000142e+01 -3.660000000000000142e+01 7.138483726651996619e+01 -1.854926849213563855e+01
-3.660000000000000142e+01 -1.356277109482275733e+01 -3.900902764544213142e+00 5.947367699792387441e+01
-7.087683139584001424e+01 -2.661352775489534395e+01 1.104057630187777050e+01 -2.336842292055120396e+01
-5.533920000000000528e+01 -2.778225509632513024e+00 -2.407368804224714509e+01 -2.793696247609316075e+01
4.996654804092099766e+01 -1.500000000000000000e+01 -3.029461851930146210e+01 -8.344739370666193423e+00
-1.500000000000000000e+01 -2.700000000000000000e+01 5.493048380714256496e+01 5.580364290124560256e+00
-1.903562146646932263e+01 -6.493367040000001111e+01 -1.850957872100718760e+01 6.108903168236373915e+00
-2.023078563128512286e+01 -6.241708800000000679e+01 -2.368937172264273627e+01 -5.170240563656917487e+01
-4.642872619699344483e+01 -6.493367040000001111e+01 -6.029608604335098931e+01 -6.261575138190140422e+01
2.447762551457385172e+01 -2.318332708165253830e+00 -1.500000000000000000e+01 -1.500000000000000000e+01
-7.000000000000000000e+00 3.014675599876940737e+01 -1.500000000000000000e+01 0.000000000000000000e+00
-1.465578194270126744e+01 -4.068888073552280815e+01 -4.428000000000000114e+01 -4.282773128688913289e+01
-3.861641751608877371e+01 -3.765934066221430498e+01 -4.428000000000000114e+01 -4.488440189181062578e+01
-4.265480892206134911e+01 -4.446788803796007272e+01 -5.927136000000000848e+01 5.222845930004956472e+01
3.946501943366246223e+01 -1.266567343071895380e+01 -2.068480378546458454e+01 -5.042399999999999949e+01
-1.077792015364358313e+01 1.952893969203005753e+01 -1.022865319353875790e+01 -1.500000000000000000e+01
-3.437931859719626004e+01 -3.575290743295898466e+01 4.599229522822517424e+01 -4.428000000000000114e+01
-1.002061033622443453e+01 -3.915110946519865109e+01 -1.867800472104814347e+01 -5.533920000000000528e+01
-3.521844437812359274e+01 8.367968829619053750e+00 -7.000095136566592657e+00 -4.428000000000000114e+01
